file_name,cluster,n_origin_chr,origin_chr,n_path_karsim,n_path_omkar,total_alignment_cost,alignment_costs,event_chr,histories,n_events,is_event_cluster,n_path_diff,approximated_distance,n_approximated_edges,karsim_missed_transition,n_karsim_missed_transition,n_omkar_missed_transition,SV_missed,CNV_missed,log10_CNV_missed,n_dummies,n_leftover_dummies,n_seg_changed,n_leftover_segchange,n_significant_dummies,n_leftover_significant_dummies,dummy_distance,n_initial_SVs,preILP_similar_SV,n_preILP_similar_SV
23X_15q26_overgrowth_r1,0,1,['Chr1'],2,2,64203,"[41160, 23043]","['Chr1', 'Chr2', 'Chr3', 'Chr5', 'Chr6', 'Chr8', 'Chr11', 'Chr13', 'Chr15']",{'deletion': 1},1,True,0,18117,2,[],0,0,0,33203,4.521177325408375,0,0,0,0,0,0,[],1,[],0
23X_15q26_overgrowth_r1,1,1,['Chr2'],2,2,188445274,"[188232388, 212886]","['Chr1', 'Chr2', 'Chr3', 'Chr5', 'Chr6', 'Chr8', 'Chr11', 'Chr13', 'Chr15']","{'nonreciprocal translocation': 1, 'tandem duplication': 1, 'arm deletion': 1}",3,True,0,359628,4,[],0,0,0,371478,5.569933098684701,1,0,0,0,1,0,[147816312],1,[],0
23X_15q26_overgrowth_r1,10,1,['Chr11'],2,2,22574,"[15518, 7056]","['Chr1', 'Chr2', 'Chr3', 'Chr5', 'Chr6', 'Chr8', 'Chr11', 'Chr13', 'Chr15']",{'inversion': 1},1,True,0,8462,4,[],0,0,0,22570,4.353531559077762,0,0,0,0,0,0,[],2,[],0
23X_15q26_overgrowth_r1,11,1,['Chr12'],2,2,2696,"[1348, 1348]","['Chr1', 'Chr2', 'Chr3', 'Chr5', 'Chr6', 'Chr8', 'Chr11', 'Chr13', 'Chr15']",{},0,False,0,0,0,[],0,0,0,2696,3.4307198878632823,0,0,0,0,0,0,[],0,[],0
23X_15q26_overgrowth_r1,12,1,['Chr13'],2,2,183591686,"[96303080, 87288606]","['Chr1', 'Chr2', 'Chr3', 'Chr5', 'Chr6', 'Chr8', 'Chr11', 'Chr13', 'Chr15']",{'inversion': 1},1,True,0,2648,2,"[('Chr13', 105338052, 'Chr13', 114354328)]",1,0,1,5292,3.7236198355154633,0,0,0,0,0,0,[],2,"[('Chr13', 105337628, 'Chr13', 114352102)]",1
23X_15q26_overgrowth_r1,13,1,['Chr14'],2,2,20870,"[10435, 10435]","['Chr1', 'Chr2', 'Chr3', 'Chr5', 'Chr6', 'Chr8', 'Chr11', 'Chr13', 'Chr15']",{},0,False,0,0,0,[],0,0,0,20870,4.319522449065454,0,0,0,0,0,0,[],0,[],0
23X_15q26_overgrowth_r1,14,1,['Chr15'],2,2,153408633,"[153366646, 41987]","['Chr1', 'Chr2', 'Chr3', 'Chr5', 'Chr6', 'Chr8', 'Chr11', 'Chr13', 'Chr15']","{'tandem duplication': 1, 'nonreciprocal translocation': 1}",2,True,0,304715,7,[],0,2,2,2056105,6.313045289192995,1,0,0,0,1,0,[2902384],2,[],0
23X_15q26_overgrowth_r1,15,1,['Chr16'],2,2,7186,"[3593, 3593]","['Chr1', 'Chr2', 'Chr3', 'Chr5', 'Chr6', 'Chr8', 'Chr11', 'Chr13', 'Chr15']",{},0,False,0,0,0,[],0,0,0,7186,3.8564872128686307,0,0,0,0,0,0,[],0,[],0
23X_15q26_overgrowth_r1,16,1,['Chr17'],2,2,2096,"[1048, 1048]","['Chr1', 'Chr2', 'Chr3', 'Chr5', 'Chr6', 'Chr8', 'Chr11', 'Chr13', 'Chr15']",{},0,False,0,0,0,[],0,0,0,2096,3.321391278311689,0,0,0,0,0,0,[],0,[],0
23X_15q26_overgrowth_r1,17,1,['Chr18'],2,2,13820,"[6910, 6910]","['Chr1', 'Chr2', 'Chr3', 'Chr5', 'Chr6', 'Chr8', 'Chr11', 'Chr13', 'Chr15']",{},0,False,0,0,0,[],0,0,0,13820,4.14050804303818,0,0,0,0,0,0,[],0,[],0
23X_15q26_overgrowth_r1,18,1,['Chr19'],2,2,3800,"[1900, 1900]","['Chr1', 'Chr2', 'Chr3', 'Chr5', 'Chr6', 'Chr8', 'Chr11', 'Chr13', 'Chr15']",{},0,False,0,0,0,[],0,0,0,3800,3.57978359661681,0,0,0,0,0,0,[],0,[],0
23X_15q26_overgrowth_r1,19,1,['Chr20'],2,2,896,"[448, 448]","['Chr1', 'Chr2', 'Chr3', 'Chr5', 'Chr6', 'Chr8', 'Chr11', 'Chr13', 'Chr15']",{},0,False,0,0,0,[],0,0,0,896,2.9523080096621253,0,0,0,0,0,0,[],0,[],0
23X_15q26_overgrowth_r1,2,1,['Chr3'],2,2,16802,"[11840, 4962]","['Chr1', 'Chr2', 'Chr3', 'Chr5', 'Chr6', 'Chr8', 'Chr11', 'Chr13', 'Chr15']",{'inversion': 1},1,True,0,6878,4,[],0,0,0,16798,4.225257576924099,0,0,0,0,0,0,[],2,[],0
23X_15q26_overgrowth_r1,20,1,['Chr21'],2,2,5504,"[2752, 2752]","['Chr1', 'Chr2', 'Chr3', 'Chr5', 'Chr6', 'Chr8', 'Chr11', 'Chr13', 'Chr15']",{},0,False,0,0,0,[],0,0,0,5504,3.740678425227455,0,0,0,0,0,0,[],0,[],0
23X_15q26_overgrowth_r1,21,1,['Chr22'],2,2,5760,"[2880, 2880]","['Chr1', 'Chr2', 'Chr3', 'Chr5', 'Chr6', 'Chr8', 'Chr11', 'Chr13', 'Chr15']",{},0,False,0,0,0,[],0,0,0,5760,3.760422483423212,0,0,0,0,0,0,[],0,[],0
23X_15q26_overgrowth_r1,22,1,['ChrX'],2,2,10564,"[5282, 5282]","['Chr1', 'Chr2', 'Chr3', 'Chr5', 'Chr6', 'Chr8', 'Chr11', 'Chr13', 'Chr15']",{},0,False,0,0,0,[],0,0,0,10564,4.023828392534886,0,0,0,0,0,0,[],0,[],0
23X_15q26_overgrowth_r1,3,1,['Chr4'],2,2,3980,"[1990, 1990]","['Chr1', 'Chr2', 'Chr3', 'Chr5', 'Chr6', 'Chr8', 'Chr11', 'Chr13', 'Chr15']",{},0,False,0,0,0,[],0,0,0,3980,3.5998830720736876,0,0,0,0,0,0,[],0,[],0
23X_15q26_overgrowth_r1,4,1,['Chr5'],2,2,61524,"[26876, 34648]","['Chr1', 'Chr2', 'Chr3', 'Chr5', 'Chr6', 'Chr8', 'Chr11', 'Chr13', 'Chr15']",{'deletion': 1},1,True,0,16920,3,[],0,0,0,46640,4.668758541750957,0,0,0,0,0,0,[],1,[],0
23X_15q26_overgrowth_r1,5,1,['Chr6'],2,2,342136757,"[171450778, 170685979]","['Chr1', 'Chr2', 'Chr3', 'Chr5', 'Chr6', 'Chr8', 'Chr11', 'Chr13', 'Chr15']",{'left duplication inversion': 1},1,True,0,99766,3,[],0,0,0,813469,5.910341007321477,1,0,0,0,0,0,[91647],1,[],0
23X_15q26_overgrowth_r1,6,1,['Chr7'],2,2,1976,"[988, 988]","['Chr1', 'Chr2', 'Chr3', 'Chr5', 'Chr6', 'Chr8', 'Chr11', 'Chr13', 'Chr15']",{},0,False,0,0,0,[],0,0,0,1976,3.295786940251609,0,0,0,0,0,0,[],0,[],0
23X_15q26_overgrowth_r1,7,1,['Chr8'],2,2,67506,"[47571, 19935]","['Chr1', 'Chr2', 'Chr3', 'Chr5', 'Chr6', 'Chr8', 'Chr11', 'Chr13', 'Chr15']",{'tandem duplication': 1},1,True,0,95411,5,[],0,0,0,104045,5.017221214537218,1,0,0,0,0,0,[64223],1,[],0
23X_15q26_overgrowth_r1,8,1,['Chr9'],2,2,504,"[252, 252]","['Chr1', 'Chr2', 'Chr3', 'Chr5', 'Chr6', 'Chr8', 'Chr11', 'Chr13', 'Chr15']",{},0,False,0,0,0,[],0,0,0,504,2.7024305364455254,0,0,0,0,0,0,[],0,[],0
23X_15q26_overgrowth_r1,9,1,['Chr10'],2,2,4310,"[2155, 2155]","['Chr1', 'Chr2', 'Chr3', 'Chr5', 'Chr6', 'Chr8', 'Chr11', 'Chr13', 'Chr15']",{},0,False,0,0,0,[],0,0,0,4310,3.6344772701607315,0,0,0,0,0,0,[],0,[],0
23X_1q21_recurrent_microduplication_r1,0,1,['Chr1'],2,2,151442,"[132565, 18877]","['Chr1', 'Chr2', 'Chr3', 'Chr4', 'Chr6', 'Chr8', 'Chr11', 'Chr16', 'Chr18', 'Chr21', 'ChrX']",{'tandem duplication': 1},1,True,0,113688,2,[],0,0,0,128774,5.1098281860333525,0,0,0,0,0,0,[],1,[],0
23X_1q21_recurrent_microduplication_r1,1,1,['Chr2'],2,2,154045,"[103281, 50764]","['Chr1', 'Chr2', 'Chr3', 'Chr4', 'Chr6', 'Chr8', 'Chr11', 'Chr16', 'Chr18', 'Chr21', 'ChrX']","{'deletion': 1, 'tandem duplication': 1}",2,True,0,70881,4,[],0,0,0,87075,4.939893483130274,0,0,0,0,0,0,[],2,[],0
23X_1q21_recurrent_microduplication_r1,10,1,['Chr12'],2,2,2696,"[1348, 1348]","['Chr1', 'Chr2', 'Chr3', 'Chr4', 'Chr6', 'Chr8', 'Chr11', 'Chr16', 'Chr18', 'Chr21', 'ChrX']",{},0,False,0,0,0,[],0,0,0,2696,3.4307198878632823,0,0,0,0,0,0,[],0,[],0
23X_1q21_recurrent_microduplication_r1,11,1,['Chr13'],2,2,4450,"[2225, 2225]","['Chr1', 'Chr2', 'Chr3', 'Chr4', 'Chr6', 'Chr8', 'Chr11', 'Chr16', 'Chr18', 'Chr21', 'ChrX']",{},0,False,0,0,0,[],0,0,0,4450,3.6483600109809315,0,0,0,0,0,0,[],0,[],0
23X_1q21_recurrent_microduplication_r1,12,1,['Chr14'],2,2,20870,"[10435, 10435]","['Chr1', 'Chr2', 'Chr3', 'Chr4', 'Chr6', 'Chr8', 'Chr11', 'Chr16', 'Chr18', 'Chr21', 'ChrX']",{},0,False,0,0,0,[],0,0,0,20870,4.319522449065454,0,0,0,0,0,0,[],0,[],0
23X_1q21_recurrent_microduplication_r1,13,1,['Chr15'],2,2,9358,"[4679, 4679]","['Chr1', 'Chr2', 'Chr3', 'Chr4', 'Chr6', 'Chr8', 'Chr11', 'Chr16', 'Chr18', 'Chr21', 'ChrX']",{},0,False,0,0,0,[],0,0,0,9358,3.9711830408561615,0,0,0,0,0,0,[],0,[],0
23X_1q21_recurrent_microduplication_r1,14,1,['Chr16'],2,2,133834,"[97577, 36257]","['Chr1', 'Chr2', 'Chr3', 'Chr4', 'Chr6', 'Chr8', 'Chr11', 'Chr16', 'Chr18', 'Chr21', 'ChrX']",{'right duplication inversion': 1},1,True,0,126331,4,[],0,0,0,164835,5.217049432439889,1,0,0,0,0,0,[92419],1,[],0
23X_1q21_recurrent_microduplication_r1,15,1,['Chr17'],2,2,2096,"[1048, 1048]","['Chr1', 'Chr2', 'Chr3', 'Chr4', 'Chr6', 'Chr8', 'Chr11', 'Chr16', 'Chr18', 'Chr21', 'ChrX']",{},0,False,0,0,0,[],0,0,0,2096,3.321391278311689,0,0,0,0,0,0,[],0,[],0
23X_1q21_recurrent_microduplication_r1,16,1,['Chr18'],2,2,242034,"[190727, 51307]","['Chr1', 'Chr2', 'Chr3', 'Chr4', 'Chr6', 'Chr8', 'Chr11', 'Chr16', 'Chr18', 'Chr21', 'ChrX']","{'tandem duplication': 1, 'inversion': 1}",2,True,0,139420,6,[],0,0,0,170976,5.232935152502812,0,0,0,0,0,0,[],3,[],0
23X_1q21_recurrent_microduplication_r1,17,1,['Chr19'],2,2,3800,"[1900, 1900]","['Chr1', 'Chr2', 'Chr3', 'Chr4', 'Chr6', 'Chr8', 'Chr11', 'Chr16', 'Chr18', 'Chr21', 'ChrX']",{},0,False,0,0,0,[],0,0,0,3800,3.57978359661681,0,0,0,0,0,0,[],0,[],0
23X_1q21_recurrent_microduplication_r1,18,1,['Chr20'],2,2,896,"[448, 448]","['Chr1', 'Chr2', 'Chr3', 'Chr4', 'Chr6', 'Chr8', 'Chr11', 'Chr16', 'Chr18', 'Chr21', 'ChrX']",{},0,False,0,0,0,[],0,0,0,896,2.9523080096621253,0,0,0,0,0,0,[],0,[],0
23X_1q21_recurrent_microduplication_r1,19,1,['Chr21'],2,2,1161787,"[659491, 502296]","['Chr1', 'Chr2', 'Chr3', 'Chr4', 'Chr6', 'Chr8', 'Chr11', 'Chr16', 'Chr18', 'Chr21', 'ChrX']",{'right duplication inversion': 1},1,True,0,488143,1,"[('Chr21', 27035971, 'Chr21', 27681311)]",1,0,1,1138985,6.056518004623328,1,0,0,0,1,0,[488144],1,[],0
23X_1q21_recurrent_microduplication_r1,2,1,['Chr4'],2,2,6758,"[4768, 1990]","['Chr1', 'Chr2', 'Chr3', 'Chr4', 'Chr6', 'Chr8', 'Chr11', 'Chr16', 'Chr18', 'Chr21', 'ChrX']",{'inversion': 1},1,True,0,2778,4,[],0,0,0,6754,3.8295610562993927,0,0,0,0,0,0,[],2,[],0
23X_1q21_recurrent_microduplication_r1,20,1,['Chr22'],2,2,5760,"[2880, 2880]","['Chr1', 'Chr2', 'Chr3', 'Chr4', 'Chr6', 'Chr8', 'Chr11', 'Chr16', 'Chr18', 'Chr21', 'ChrX']",{},0,False,0,0,0,[],0,0,0,5760,3.760422483423212,0,0,0,0,0,0,[],0,[],0
23X_1q21_recurrent_microduplication_r1,21,1,['ChrX'],2,2,224779,"[194715, 30064]","['Chr1', 'Chr2', 'Chr3', 'Chr4', 'Chr6', 'Chr8', 'Chr11', 'Chr16', 'Chr18', 'Chr21', 'ChrX']",{'tandem duplication': 1},1,True,0,164651,2,[],0,0,0,178327,5.251217103485335,0,0,0,0,0,0,[],1,[],0
23X_1q21_recurrent_microduplication_r1,3,1,['Chr5'],2,2,11088,"[5544, 5544]","['Chr1', 'Chr2', 'Chr3', 'Chr4', 'Chr6', 'Chr8', 'Chr11', 'Chr16', 'Chr18', 'Chr21', 'ChrX']",{},0,False,0,0,0,[],0,0,0,11088,4.044853217267732,0,0,0,0,0,0,[],0,[],0
23X_1q21_recurrent_microduplication_r1,4,2,"['Chr3', 'Chr6']",4,4,1646314,"[230840, 92540, 1316853, 6081]","['Chr1', 'Chr2', 'Chr3', 'Chr4', 'Chr6', 'Chr8', 'Chr11', 'Chr16', 'Chr18', 'Chr21', 'ChrX']","{'right duplication inversion': 1, 'left duplication inversion': 1, 'nonreciprocal translocation': 1, 'tandem duplication': 1}",4,True,0,186293,19,[],0,0,0,185961,5.26942187292358,2,0,0,0,1,0,"[52501, 1303822]",6,[],0
23X_1q21_recurrent_microduplication_r1,5,1,['Chr7'],2,2,1976,"[988, 988]","['Chr1', 'Chr2', 'Chr3', 'Chr4', 'Chr6', 'Chr8', 'Chr11', 'Chr16', 'Chr18', 'Chr21', 'ChrX']",{},0,False,0,0,0,[],0,0,0,1976,3.295786940251609,0,0,0,0,0,0,[],0,[],0
23X_1q21_recurrent_microduplication_r1,6,1,['Chr8'],2,2,808741,"[783720, 25021]","['Chr1', 'Chr2', 'Chr3', 'Chr4', 'Chr6', 'Chr8', 'Chr11', 'Chr16', 'Chr18', 'Chr21', 'ChrX']","{'deletion': 1, 'tandem duplication': 1}",2,True,0,22995,2,"[('Chr8', 144334139, 'Chr8', 145078636)]",1,0,1,771103,5.887112392764244,0,0,0,0,0,0,[],2,[],0
23X_1q21_recurrent_microduplication_r1,7,1,['Chr9'],2,2,504,"[252, 252]","['Chr1', 'Chr2', 'Chr3', 'Chr4', 'Chr6', 'Chr8', 'Chr11', 'Chr16', 'Chr18', 'Chr21', 'ChrX']",{},0,False,0,0,0,[],0,0,0,504,2.7024305364455254,0,0,0,0,0,0,[],0,[],0
23X_1q21_recurrent_microduplication_r1,8,1,['Chr10'],2,2,4310,"[2155, 2155]","['Chr1', 'Chr2', 'Chr3', 'Chr4', 'Chr6', 'Chr8', 'Chr11', 'Chr16', 'Chr18', 'Chr21', 'ChrX']",{},0,False,0,0,0,[],0,0,0,4310,3.6344772701607315,0,0,0,0,0,0,[],0,[],0
23X_1q21_recurrent_microduplication_r1,9,1,['Chr11'],2,2,38438,"[31382, 7056]","['Chr1', 'Chr2', 'Chr3', 'Chr4', 'Chr6', 'Chr8', 'Chr11', 'Chr16', 'Chr18', 'Chr21', 'ChrX']",{'inversion': 1},1,True,0,24326,4,[],0,0,0,38434,4.584715585805137,0,0,0,0,0,0,[],2,[],0
23X_1q21_recurrent_microduplication_r2,0,1,['Chr3'],2,2,1083545,"[1049631, 33914]","['Chr1', 'Chr2', 'Chr3', 'Chr4', 'Chr5', 'Chr6', 'Chr7', 'Chr9', 'Chr12', 'Chr13', 'Chr16']","{'deletion': 1, 'left duplication inversion': 1}",2,True,0,104924,2,"[('Chr3', 9999, 'Chr3', 920792)]",1,0,1,1031479,6.0134603905476975,0,0,0,0,0,0,[],2,[],0
23X_1q21_recurrent_microduplication_r2,1,1,['Chr4'],2,2,383186730,"[192992175, 190194555]","['Chr1', 'Chr2', 'Chr3', 'Chr4', 'Chr5', 'Chr6', 'Chr7', 'Chr9', 'Chr12', 'Chr13', 'Chr16']",{'right duplication inversion': 2},2,True,0,53476,2,"[('Chr4', 108043767, 'Chr4', 109512826)]",1,1,2,4611070,6.663801715232415,1,1,0,0,1,1,[107576529],2,[],0
23X_1q21_recurrent_microduplication_r2,10,1,['Chr15'],2,2,9358,"[4679, 4679]","['Chr1', 'Chr2', 'Chr3', 'Chr4', 'Chr5', 'Chr6', 'Chr7', 'Chr9', 'Chr12', 'Chr13', 'Chr16']",{},0,False,0,0,0,[],0,0,0,9358,3.9711830408561615,0,0,0,0,0,0,[],0,[],0
23X_1q21_recurrent_microduplication_r2,11,2,"['Chr5', 'Chr16']",4,4,63894339,"[63888795, 5544]","['Chr1', 'Chr2', 'Chr3', 'Chr4', 'Chr5', 'Chr6', 'Chr7', 'Chr9', 'Chr12', 'Chr13', 'Chr16']","{'inversion': 1, 'balanced reciprocal translocation': 2}",3,True,0,24692,12,[],0,0,0,31236,4.494655414156861,0,0,0,0,0,0,[],6,[],0
23X_1q21_recurrent_microduplication_r2,12,1,['Chr17'],2,2,63929675,"[34374, 63895301]","['Chr1', 'Chr2', 'Chr3', 'Chr4', 'Chr5', 'Chr6', 'Chr7', 'Chr9', 'Chr12', 'Chr13', 'Chr16']",{},0,False,0,0,0,[],0,0,0,2096,3.321391278311689,0,0,0,0,0,0,[],0,[],0
23X_1q21_recurrent_microduplication_r2,13,1,['Chr18'],2,2,2096,"[1048, 1048]","['Chr1', 'Chr2', 'Chr3', 'Chr4', 'Chr5', 'Chr6', 'Chr7', 'Chr9', 'Chr12', 'Chr13', 'Chr16']",{},0,False,0,0,0,[],0,0,0,13820,4.14050804303818,0,0,0,0,0,0,[],0,[],0
23X_1q21_recurrent_microduplication_r2,14,1,['Chr19'],2,2,13820,"[6910, 6910]","['Chr1', 'Chr2', 'Chr3', 'Chr4', 'Chr5', 'Chr6', 'Chr7', 'Chr9', 'Chr12', 'Chr13', 'Chr16']",{},0,False,0,0,0,[],0,0,0,3800,3.57978359661681,0,0,0,0,0,0,[],0,[],0
23X_1q21_recurrent_microduplication_r2,15,1,['Chr20'],2,2,3800,"[1900, 1900]","['Chr1', 'Chr2', 'Chr3', 'Chr4', 'Chr5', 'Chr6', 'Chr7', 'Chr9', 'Chr12', 'Chr13', 'Chr16']",{},0,False,0,0,0,[],0,0,0,896,2.9523080096621253,0,0,0,0,0,0,[],0,[],0
23X_1q21_recurrent_microduplication_r2,16,1,['Chr21'],2,2,896,"[448, 448]","['Chr1', 'Chr2', 'Chr3', 'Chr4', 'Chr5', 'Chr6', 'Chr7', 'Chr9', 'Chr12', 'Chr13', 'Chr16']",{},0,False,0,0,0,[],0,0,0,5504,3.740678425227455,0,0,0,0,0,0,[],0,[],0
23X_1q21_recurrent_microduplication_r2,17,1,['Chr22'],2,2,5504,"[2752, 2752]","['Chr1', 'Chr2', 'Chr3', 'Chr4', 'Chr5', 'Chr6', 'Chr7', 'Chr9', 'Chr12', 'Chr13', 'Chr16']",{},0,False,0,0,0,[],0,0,0,5760,3.760422483423212,0,0,0,0,0,0,[],0,[],0
23X_1q21_recurrent_microduplication_r2,18,1,['ChrX'],2,2,5760,"[2880, 2880]","['Chr1', 'Chr2', 'Chr3', 'Chr4', 'Chr5', 'Chr6', 'Chr7', 'Chr9', 'Chr12', 'Chr13', 'Chr16']",{},0,False,0,0,0,[],0,0,0,10564,4.023828392534886,0,0,0,0,0,0,[],0,[],0
23X_1q21_recurrent_microduplication_r2,2,1,['Chr6'],2,2,18936,"[12855, 6081]","['Chr1', 'Chr2', 'Chr3', 'Chr4', 'Chr5', 'Chr6', 'Chr7', 'Chr9', 'Chr12', 'Chr13', 'Chr16']",{'inversion': 1},1,True,0,6774,4,[],0,0,0,18932,4.277196495795956,0,0,0,0,0,0,[],2,[],0
23X_1q21_recurrent_microduplication_r2,3,1,['Chr8'],2,2,5020,"[2510, 2510]","['Chr1', 'Chr2', 'Chr3', 'Chr4', 'Chr5', 'Chr6', 'Chr7', 'Chr9', 'Chr12', 'Chr13', 'Chr16']",{},0,False,0,0,0,[],0,0,0,5020,3.7007037171450192,0,0,0,0,0,0,[],0,[],0
23X_1q21_recurrent_microduplication_r2,4,1,['Chr9'],2,2,4632,"[4380, 252]","['Chr1', 'Chr2', 'Chr3', 'Chr4', 'Chr5', 'Chr6', 'Chr7', 'Chr9', 'Chr12', 'Chr13', 'Chr16']",{'inversion': 1},1,True,0,4128,4,[],0,0,0,4628,3.665393350279712,0,0,0,0,0,0,[],2,[],0
23X_1q21_recurrent_microduplication_r2,5,1,['Chr10'],2,2,4310,"[2155, 2155]","['Chr1', 'Chr2', 'Chr3', 'Chr4', 'Chr5', 'Chr6', 'Chr7', 'Chr9', 'Chr12', 'Chr13', 'Chr16']",{},0,False,0,0,0,[],0,0,0,4310,3.6344772701607315,0,0,0,0,0,0,[],0,[],0
23X_1q21_recurrent_microduplication_r2,6,1,['Chr11'],2,2,14112,"[7056, 7056]","['Chr1', 'Chr2', 'Chr3', 'Chr4', 'Chr5', 'Chr6', 'Chr7', 'Chr9', 'Chr12', 'Chr13', 'Chr16']",{},0,False,0,0,0,[],0,0,0,14112,4.149588567787744,0,0,0,0,0,0,[],0,[],0
23X_1q21_recurrent_microduplication_r2,7,1,['Chr12'],2,2,195062,"[168224, 26838]","['Chr1', 'Chr2', 'Chr3', 'Chr4', 'Chr5', 'Chr6', 'Chr7', 'Chr9', 'Chr12', 'Chr13', 'Chr16']",{'left duplication inversion': 1},1,True,0,278577,2,[],0,0,0,290407,5.463007080432788,1,0,0,0,1,0,[888706],1,[],0
23X_1q21_recurrent_microduplication_r2,8,4,"['Chr1', 'Chr2', 'Chr7', 'Chr13']",8,8,523942369,"[149159022, 16052, 725417, 149753204, 2802073, 23890279, 197578260, 18062]","['Chr1', 'Chr2', 'Chr3', 'Chr4', 'Chr5', 'Chr6', 'Chr7', 'Chr9', 'Chr12', 'Chr13', 'Chr16']","{'tandem duplication': 3, 'inversion': 1, 'balanced reciprocal translocation': 6}",10,True,0,301109,34,"[('Chr2', 231492540, 'Chr2', 230791699)]",1,0,1,964325,5.984223425935247,0,0,0,0,0,0,[],17,[],0
23X_1q21_recurrent_microduplication_r2,9,1,['Chr14'],2,2,20870,"[10435, 10435]","['Chr1', 'Chr2', 'Chr3', 'Chr4', 'Chr5', 'Chr6', 'Chr7', 'Chr9', 'Chr12', 'Chr13', 'Chr16']",{},0,False,0,0,0,[],0,0,0,20870,4.319522449065454,0,0,0,0,0,0,[],0,[],0
23X_22q11-2_distal_deletion_r1,0,1,['Chr1'],2,2,176114,"[156576, 19538]","['Chr1', 'Chr2', 'Chr6', 'Chr8', 'Chr9', 'Chr11', 'Chr12', 'Chr18', 'Chr22']",{'left duplication inversion': 1},1,True,0,140679,5,[],0,0,0,130954,5.117118768522199,1,0,0,0,0,0,[118986],1,[],0
23X_22q11-2_distal_deletion_r1,1,1,['Chr2'],2,2,16426,"[14255, 2171]","['Chr1', 'Chr2', 'Chr6', 'Chr8', 'Chr9', 'Chr11', 'Chr12', 'Chr18', 'Chr22']",{'balanced reciprocal translocation': 2},2,True,0,12084,8,[],0,0,0,4342,3.637689819118401,0,0,0,0,0,0,[],4,[],0
23X_22q11-2_distal_deletion_r1,10,1,['Chr11'],2,2,18195164,"[9153157, 9042007]","['Chr1', 'Chr2', 'Chr6', 'Chr8', 'Chr9', 'Chr11', 'Chr12', 'Chr18', 'Chr22']",{'left duplication inversion': 1},1,True,0,0,0,"[('Chr11', 36253967, 'Chr11', 45359206)]",1,1,2,18114350,7.258022754794628,1,0,0,0,1,0,[8994088],1,"[('Chr11', 36251165, 'Chr11', 45358235)]",1
23X_22q11-2_distal_deletion_r1,11,1,['Chr12'],2,2,123124,"[76754, 46370]","['Chr1', 'Chr2', 'Chr6', 'Chr8', 'Chr9', 'Chr11', 'Chr12', 'Chr18', 'Chr22']",{'deletion': 1},1,True,0,142707,3,[],0,0,0,154543,5.189049338547031,1,0,0,0,1,0,[6265782],1,[],0
23X_22q11-2_distal_deletion_r1,12,1,['Chr13'],2,2,4450,"[2225, 2225]","['Chr1', 'Chr2', 'Chr6', 'Chr8', 'Chr9', 'Chr11', 'Chr12', 'Chr18', 'Chr22']",{},0,False,0,0,0,[],0,0,0,4450,3.6483600109809315,0,0,0,0,0,0,[],0,[],0
23X_22q11-2_distal_deletion_r1,13,1,['Chr14'],2,2,20870,"[10435, 10435]","['Chr1', 'Chr2', 'Chr6', 'Chr8', 'Chr9', 'Chr11', 'Chr12', 'Chr18', 'Chr22']",{},0,False,0,0,0,[],0,0,0,20870,4.319522449065454,0,0,0,0,0,0,[],0,[],0
23X_22q11-2_distal_deletion_r1,14,1,['Chr15'],2,2,9358,"[4679, 4679]","['Chr1', 'Chr2', 'Chr6', 'Chr8', 'Chr9', 'Chr11', 'Chr12', 'Chr18', 'Chr22']",{},0,False,0,0,0,[],0,0,0,9358,3.9711830408561615,0,0,0,0,0,0,[],0,[],0
23X_22q11-2_distal_deletion_r1,15,1,['Chr16'],2,2,7186,"[3593, 3593]","['Chr1', 'Chr2', 'Chr6', 'Chr8', 'Chr9', 'Chr11', 'Chr12', 'Chr18', 'Chr22']",{},0,False,0,0,0,[],0,0,0,7186,3.8564872128686307,0,0,0,0,0,0,[],0,[],0
23X_22q11-2_distal_deletion_r1,16,1,['Chr17'],2,2,2096,"[1048, 1048]","['Chr1', 'Chr2', 'Chr6', 'Chr8', 'Chr9', 'Chr11', 'Chr12', 'Chr18', 'Chr22']",{},0,False,0,0,0,[],0,0,0,2096,3.321391278311689,0,0,0,0,0,0,[],0,[],0
23X_22q11-2_distal_deletion_r1,17,1,['Chr18'],2,2,25331248,"[12860550, 12470698]","['Chr1', 'Chr2', 'Chr6', 'Chr8', 'Chr9', 'Chr11', 'Chr12', 'Chr18', 'Chr22']","{'left duplication inversion': 1, 'tandem duplication': 1}",2,True,0,22086,6,"[('Chr18', 31468224, 'Chr18', 35082032), ('Chr18', 27065337, 'Chr18', 36272174)]",2,2,4,25297700,7.403081038064567,1,0,0,0,1,0,[8780512],2,"[('Chr18', 31471086, 'Chr18', 35128728), ('Chr18', 27056746, 'Chr18', 36266564)]",2
23X_22q11-2_distal_deletion_r1,18,1,['Chr19'],2,2,3800,"[1900, 1900]","['Chr1', 'Chr2', 'Chr6', 'Chr8', 'Chr9', 'Chr11', 'Chr12', 'Chr18', 'Chr22']",{},0,False,0,0,0,[],0,0,0,3800,3.57978359661681,0,0,0,0,0,0,[],0,[],0
23X_22q11-2_distal_deletion_r1,19,1,['Chr20'],2,2,896,"[448, 448]","['Chr1', 'Chr2', 'Chr6', 'Chr8', 'Chr9', 'Chr11', 'Chr12', 'Chr18', 'Chr22']",{},0,False,0,0,0,[],0,0,0,896,2.9523080096621253,0,0,0,0,0,0,[],0,[],0
23X_22q11-2_distal_deletion_r1,2,1,['Chr3'],2,2,9924,"[4962, 4962]","['Chr1', 'Chr2', 'Chr6', 'Chr8', 'Chr9', 'Chr11', 'Chr12', 'Chr18', 'Chr22']",{},0,False,0,0,0,[],0,0,0,9924,3.9966867556001713,0,0,0,0,0,0,[],0,[],0
23X_22q11-2_distal_deletion_r1,20,1,['Chr21'],2,2,5504,"[2752, 2752]","['Chr1', 'Chr2', 'Chr6', 'Chr8', 'Chr9', 'Chr11', 'Chr12', 'Chr18', 'Chr22']",{},0,False,0,0,0,[],0,0,0,5504,3.740678425227455,0,0,0,0,0,0,[],0,[],0
23X_22q11-2_distal_deletion_r1,21,1,['Chr22'],2,2,239814,"[220463, 19351]","['Chr1', 'Chr2', 'Chr6', 'Chr8', 'Chr9', 'Chr11', 'Chr12', 'Chr18', 'Chr22']",{'deletion': 1},1,True,0,201112,2,[],0,0,0,206874,5.315705911806046,0,0,0,0,0,0,[],1,[],0
23X_22q11-2_distal_deletion_r1,22,1,['ChrX'],2,2,10564,"[5282, 5282]","['Chr1', 'Chr2', 'Chr6', 'Chr8', 'Chr9', 'Chr11', 'Chr12', 'Chr18', 'Chr22']",{},0,False,0,0,0,[],0,0,0,10564,4.023828392534886,0,0,0,0,0,0,[],0,[],0
23X_22q11-2_distal_deletion_r1,3,1,['Chr4'],2,2,3980,"[1990, 1990]","['Chr1', 'Chr2', 'Chr6', 'Chr8', 'Chr9', 'Chr11', 'Chr12', 'Chr18', 'Chr22']",{},0,False,0,0,0,[],0,0,0,3980,3.5998830720736876,0,0,0,0,0,0,[],0,[],0
23X_22q11-2_distal_deletion_r1,4,1,['Chr5'],2,2,11088,"[5544, 5544]","['Chr1', 'Chr2', 'Chr6', 'Chr8', 'Chr9', 'Chr11', 'Chr12', 'Chr18', 'Chr22']",{},0,False,0,0,0,[],0,0,0,11088,4.044853217267732,0,0,0,0,0,0,[],0,[],0
23X_22q11-2_distal_deletion_r1,5,1,['Chr6'],3,3,343830334,"[2458376, 869085, 340502873]","['Chr1', 'Chr2', 'Chr6', 'Chr8', 'Chr9', 'Chr11', 'Chr12', 'Chr18', 'Chr22']","{'chromosomal duplication': 1, 'inversion': 1}",2,True,0,28317,13,[],0,4,4,169336411,8.228750350880226,2,1,0,0,2,1,"[20063156, 88805361]",2,[],0
23X_22q11-2_distal_deletion_r1,6,1,['Chr7'],2,2,1976,"[988, 988]","['Chr1', 'Chr2', 'Chr6', 'Chr8', 'Chr9', 'Chr11', 'Chr12', 'Chr18', 'Chr22']",{},0,False,0,0,0,[],0,0,0,1976,3.295786940251609,0,0,0,0,0,0,[],0,[],0
23X_22q11-2_distal_deletion_r1,7,1,['Chr8'],2,2,314174,"[300218, 13956]","['Chr1', 'Chr2', 'Chr6', 'Chr8', 'Chr9', 'Chr11', 'Chr12', 'Chr18', 'Chr22']",{'deletion': 1},1,True,0,297182,2,[],0,0,0,300794,5.478269169044339,1,0,0,0,1,0,[7110708],1,[],0
23X_22q11-2_distal_deletion_r1,8,1,['Chr9'],2,2,3620570,"[3620318, 252]","['Chr1', 'Chr2', 'Chr6', 'Chr8', 'Chr9', 'Chr11', 'Chr12', 'Chr18', 'Chr22']",{'balanced reciprocal translocation': 2},2,True,0,9250,6,[],0,0,0,504,2.7024305364455254,1,0,0,0,1,0,[3610817],3,[],0
23X_22q11-2_distal_deletion_r1,9,1,['Chr10'],2,2,4310,"[2155, 2155]","['Chr1', 'Chr2', 'Chr6', 'Chr8', 'Chr9', 'Chr11', 'Chr12', 'Chr18', 'Chr22']",{},0,False,0,0,0,[],0,0,0,4310,3.6344772701607315,0,0,0,0,0,0,[],0,[],0
23X_22q11-2_distal_deletion_r2,0,1,['Chr2'],2,2,74345,"[38907, 35438]","['Chr1', 'Chr2', 'Chr3', 'Chr4', 'Chr5', 'Chr7', 'Chr10', 'Chr11', 'Chr17', 'Chr21', 'Chr22']",{'deletion': 1},1,True,0,63551,3,[],0,0,0,79745,4.901703462381462,1,0,0,0,1,0,[8394386],1,[],0
23X_22q11-2_distal_deletion_r2,1,1,['Chr3'],2,2,398142855,"[2130374, 396012481]","['Chr1', 'Chr2', 'Chr3', 'Chr4', 'Chr5', 'Chr7', 'Chr10', 'Chr11', 'Chr17', 'Chr21', 'Chr22']",{'arm deletion': 1},1,True,0,12364,2,"[('Chr3', 93655574, 'Chr3', 198235559)]",1,0,1,1732229,6.238605305038264,0,0,0,0,0,0,[],1,[],0
23X_22q11-2_distal_deletion_r2,10,1,['Chr13'],2,2,4450,"[2225, 2225]","['Chr1', 'Chr2', 'Chr3', 'Chr4', 'Chr5', 'Chr7', 'Chr10', 'Chr11', 'Chr17', 'Chr21', 'Chr22']",{},0,False,0,0,0,[],0,0,0,4450,3.6483600109809315,0,0,0,0,0,0,[],0,[],0
23X_22q11-2_distal_deletion_r2,11,1,['Chr14'],2,2,20870,"[10435, 10435]","['Chr1', 'Chr2', 'Chr3', 'Chr4', 'Chr5', 'Chr7', 'Chr10', 'Chr11', 'Chr17', 'Chr21', 'Chr22']",{},0,False,0,0,0,[],0,0,0,20870,4.319522449065454,0,0,0,0,0,0,[],0,[],0
23X_22q11-2_distal_deletion_r2,12,1,['Chr15'],2,2,9358,"[4679, 4679]","['Chr1', 'Chr2', 'Chr3', 'Chr4', 'Chr5', 'Chr7', 'Chr10', 'Chr11', 'Chr17', 'Chr21', 'Chr22']",{},0,False,0,0,0,[],0,0,0,9358,3.9711830408561615,0,0,0,0,0,0,[],0,[],0
23X_22q11-2_distal_deletion_r2,13,1,['Chr16'],2,2,7186,"[3593, 3593]","['Chr1', 'Chr2', 'Chr3', 'Chr4', 'Chr5', 'Chr7', 'Chr10', 'Chr11', 'Chr17', 'Chr21', 'Chr22']",{},0,False,0,0,0,[],0,0,0,7186,3.8564872128686307,0,0,0,0,0,0,[],0,[],0
23X_22q11-2_distal_deletion_r2,14,1,['Chr17'],3,3,174850187,"[3427303, 8475305, 162947579]","['Chr1', 'Chr2', 'Chr3', 'Chr4', 'Chr5', 'Chr7', 'Chr10', 'Chr11', 'Chr17', 'Chr21', 'Chr22']",{'chromosomal duplication': 1},1,True,0,0,0,[],0,2,2,9388626,6.972602039094627,2,0,0,0,2,0,"[690149, 51498441]",0,[],0
23X_22q11-2_distal_deletion_r2,15,1,['Chr18'],2,2,13820,"[6910, 6910]","['Chr1', 'Chr2', 'Chr3', 'Chr4', 'Chr5', 'Chr7', 'Chr10', 'Chr11', 'Chr17', 'Chr21', 'Chr22']",{},0,False,0,0,0,[],0,0,0,13820,4.14050804303818,0,0,0,0,0,0,[],0,[],0
23X_22q11-2_distal_deletion_r2,16,1,['Chr19'],2,2,3800,"[1900, 1900]","['Chr1', 'Chr2', 'Chr3', 'Chr4', 'Chr5', 'Chr7', 'Chr10', 'Chr11', 'Chr17', 'Chr21', 'Chr22']",{},0,False,0,0,0,[],0,0,0,3800,3.57978359661681,0,0,0,0,0,0,[],0,[],0
23X_22q11-2_distal_deletion_r2,17,1,['Chr20'],2,2,896,"[448, 448]","['Chr1', 'Chr2', 'Chr3', 'Chr4', 'Chr5', 'Chr7', 'Chr10', 'Chr11', 'Chr17', 'Chr21', 'Chr22']",{},0,False,0,0,0,[],0,0,0,896,2.9523080096621253,0,0,0,0,0,0,[],0,[],0
23X_22q11-2_distal_deletion_r2,18,2,"['Chr1', 'Chr21']",4,4,28228,"[18996, 3088, 3392, 2752]","['Chr1', 'Chr2', 'Chr3', 'Chr4', 'Chr5', 'Chr7', 'Chr10', 'Chr11', 'Chr17', 'Chr21', 'Chr22']",{'nonreciprocal translocation': 1},1,True,0,16550,7,[],0,0,0,11680,4.067442842776381,0,0,0,0,0,0,[],3,[],0
23X_22q11-2_distal_deletion_r2,19,1,['Chr22'],2,2,159926,"[133006, 26920]","['Chr1', 'Chr2', 'Chr3', 'Chr4', 'Chr5', 'Chr7', 'Chr10', 'Chr11', 'Chr17', 'Chr21', 'Chr22']",{'deletion': 1},1,True,0,106086,2,[],0,0,0,111848,5.048628222704177,0,0,0,0,0,0,[],1,[],0
23X_22q11-2_distal_deletion_r2,2,1,['Chr4'],2,2,5168471,"[2712024, 2456447]","['Chr1', 'Chr2', 'Chr3', 'Chr4', 'Chr5', 'Chr7', 'Chr10', 'Chr11', 'Chr17', 'Chr21', 'Chr22']",{'left duplication inversion': 1},1,True,0,0,0,"[('Chr4', 73089060, 'Chr4', 75768526)]",1,1,2,5113301,6.708701358693956,1,0,0,0,1,0,[2423888],1,"[('Chr4', 73066639, 'Chr4', 75758785)]",1
23X_22q11-2_distal_deletion_r2,20,1,['ChrX'],2,2,10564,"[5282, 5282]","['Chr1', 'Chr2', 'Chr3', 'Chr4', 'Chr5', 'Chr7', 'Chr10', 'Chr11', 'Chr17', 'Chr21', 'Chr22']",{},0,False,0,0,0,[],0,0,0,10564,4.023828392534886,0,0,0,0,0,0,[],0,[],0
23X_22q11-2_distal_deletion_r2,3,1,['Chr6'],2,2,12162,"[6081, 6081]","['Chr1', 'Chr2', 'Chr3', 'Chr4', 'Chr5', 'Chr7', 'Chr10', 'Chr11', 'Chr17', 'Chr21', 'Chr22']",{},0,False,0,0,0,[],0,0,0,12162,4.085004999076652,0,0,0,0,0,0,[],0,[],0
23X_22q11-2_distal_deletion_r2,4,2,"['Chr5', 'Chr7']",4,4,82325783,"[41165750, 35163, 6503, 41118367]","['Chr1', 'Chr2', 'Chr3', 'Chr4', 'Chr5', 'Chr7', 'Chr10', 'Chr11', 'Chr17', 'Chr21', 'Chr22']","{'nonreciprocal translocation': 1, 'tandem duplication': 1, 'deletion': 1}",3,True,0,96722,14,[],0,0,0,113806,5.056165159231289,1,0,0,0,1,0,[5220172],5,[],0
23X_22q11-2_distal_deletion_r2,5,1,['Chr8'],2,2,5020,"[2510, 2510]","['Chr1', 'Chr2', 'Chr3', 'Chr4', 'Chr5', 'Chr7', 'Chr10', 'Chr11', 'Chr17', 'Chr21', 'Chr22']",{},0,False,0,0,0,[],0,0,0,5020,3.7007037171450192,0,0,0,0,0,0,[],0,[],0
23X_22q11-2_distal_deletion_r2,6,1,['Chr9'],2,2,504,"[252, 252]","['Chr1', 'Chr2', 'Chr3', 'Chr4', 'Chr5', 'Chr7', 'Chr10', 'Chr11', 'Chr17', 'Chr21', 'Chr22']",{},0,False,0,0,0,[],0,0,0,504,2.7024305364455254,0,0,0,0,0,0,[],0,[],0
23X_22q11-2_distal_deletion_r2,7,1,['Chr10'],2,2,2145446,"[2143291, 2155]","['Chr1', 'Chr2', 'Chr3', 'Chr4', 'Chr5', 'Chr7', 'Chr10', 'Chr11', 'Chr17', 'Chr21', 'Chr22']",{'inversion': 1},1,True,0,3786,4,[],0,2,2,2145440,6.331516373432532,0,0,0,0,0,0,[],2,[],0
23X_22q11-2_distal_deletion_r2,8,1,['Chr11'],2,2,10088977,"[6067305, 4021672]","['Chr1', 'Chr2', 'Chr3', 'Chr4', 'Chr5', 'Chr7', 'Chr10', 'Chr11', 'Chr17', 'Chr21', 'Chr22']",{'left duplication inversion': 1},1,True,0,0,0,"[('Chr11', 59999, 'Chr11', 6092014)]",1,1,2,10033419,7.001448948954093,1,0,0,0,1,0,[3986381],1,[],0
23X_22q11-2_distal_deletion_r2,9,1,['Chr12'],2,2,2696,"[1348, 1348]","['Chr1', 'Chr2', 'Chr3', 'Chr4', 'Chr5', 'Chr7', 'Chr10', 'Chr11', 'Chr17', 'Chr21', 'Chr22']",{},0,False,0,0,0,[],0,0,0,2696,3.4307198878632823,0,0,0,0,0,0,[],0,[],0
23X_22q11_duplication_r2,0,1,['Chr1'],2,2,42098,"[24776, 17322]","['Chr1', 'Chr3', 'Chr5', 'Chr6', 'Chr8', 'Chr12', 'Chr14', 'Chr15', 'Chr16', 'Chr22', 'ChrX']",{'deletion': 1},1,True,0,79404,3,[],0,0,0,94490,4.975385848989467,1,0,0,0,1,0,[9732387],1,[],0
23X_22q11_duplication_r2,1,1,['Chr2'],2,2,4342,"[2171, 2171]","['Chr1', 'Chr3', 'Chr5', 'Chr6', 'Chr8', 'Chr12', 'Chr14', 'Chr15', 'Chr16', 'Chr22', 'ChrX']",{},0,False,0,0,0,[],0,0,0,4342,3.637689819118401,0,0,0,0,0,0,[],0,[],0
23X_22q11_duplication_r2,10,1,['Chr12'],2,2,96491,"[57820, 38671]","['Chr1', 'Chr3', 'Chr5', 'Chr6', 'Chr8', 'Chr12', 'Chr14', 'Chr15', 'Chr16', 'Chr22', 'ChrX']",{'tandem duplication': 1},1,True,0,19149,2,[],0,0,0,30985,4.491151500485698,0,0,0,0,0,0,[],1,[],0
23X_22q11_duplication_r2,11,1,['Chr13'],2,2,4450,"[2225, 2225]","['Chr1', 'Chr3', 'Chr5', 'Chr6', 'Chr8', 'Chr12', 'Chr14', 'Chr15', 'Chr16', 'Chr22', 'ChrX']",{},0,False,0,0,0,[],0,0,0,4450,3.6483600109809315,0,0,0,0,0,0,[],0,[],0
23X_22q11_duplication_r2,12,2,"['Chr6', 'Chr15']",4,4,280387685,"[153166322, 6081, 127215282]","['Chr1', 'Chr3', 'Chr5', 'Chr6', 'Chr8', 'Chr12', 'Chr14', 'Chr15', 'Chr16', 'Chr22', 'ChrX']","{'balanced reciprocal translocation': 2, 'tandem duplication': 1}",3,True,0,96120,16,[],0,0,0,84404,4.926363028814797,0,0,0,0,0,0,[],5,[],0
23X_22q11_duplication_r2,13,1,['Chr16'],2,2,90676792,"[8420857, 82255935]","['Chr1', 'Chr3', 'Chr5', 'Chr6', 'Chr8', 'Chr12', 'Chr14', 'Chr15', 'Chr16', 'Chr22', 'ChrX']",{'tandem duplication': 1},1,True,0,150834,2,[],0,0,0,166292,5.220871356619241,0,0,0,0,0,0,[],1,[],0
23X_22q11_duplication_r2,14,1,['Chr17'],2,2,221834,"[186334, 35500]","['Chr1', 'Chr3', 'Chr5', 'Chr6', 'Chr8', 'Chr12', 'Chr14', 'Chr15', 'Chr16', 'Chr22', 'ChrX']",{},0,False,0,0,0,[],0,0,0,2096,3.321391278311689,0,0,0,0,0,0,[],0,[],0
23X_22q11_duplication_r2,15,1,['Chr18'],2,2,2096,"[1048, 1048]","['Chr1', 'Chr3', 'Chr5', 'Chr6', 'Chr8', 'Chr12', 'Chr14', 'Chr15', 'Chr16', 'Chr22', 'ChrX']",{},0,False,0,0,0,[],0,0,0,13820,4.14050804303818,0,0,0,0,0,0,[],0,[],0
23X_22q11_duplication_r2,16,1,['Chr19'],2,2,13820,"[6910, 6910]","['Chr1', 'Chr3', 'Chr5', 'Chr6', 'Chr8', 'Chr12', 'Chr14', 'Chr15', 'Chr16', 'Chr22', 'ChrX']",{},0,False,0,0,0,[],0,0,0,3800,3.57978359661681,0,0,0,0,0,0,[],0,[],0
23X_22q11_duplication_r2,17,1,['Chr20'],2,2,3800,"[1900, 1900]","['Chr1', 'Chr3', 'Chr5', 'Chr6', 'Chr8', 'Chr12', 'Chr14', 'Chr15', 'Chr16', 'Chr22', 'ChrX']",{},0,False,0,0,0,[],0,0,0,896,2.9523080096621253,0,0,0,0,0,0,[],0,[],0
23X_22q11_duplication_r2,18,1,['Chr21'],2,2,896,"[448, 448]","['Chr1', 'Chr3', 'Chr5', 'Chr6', 'Chr8', 'Chr12', 'Chr14', 'Chr15', 'Chr16', 'Chr22', 'ChrX']",{},0,False,0,0,0,[],0,0,0,5504,3.740678425227455,0,0,0,0,0,0,[],0,[],0
23X_22q11_duplication_r2,19,1,['Chr22'],2,2,5504,"[2752, 2752]","['Chr1', 'Chr3', 'Chr5', 'Chr6', 'Chr8', 'Chr12', 'Chr14', 'Chr15', 'Chr16', 'Chr22', 'ChrX']",{'tandem duplication': 1},1,True,0,392775,2,[],0,0,0,398537,5.60046864731279,1,0,0,0,1,0,[1683102],1,[],0
23X_22q11_duplication_r2,2,1,['Chr3'],2,2,205986,"[138527, 67459]","['Chr1', 'Chr3', 'Chr5', 'Chr6', 'Chr8', 'Chr12', 'Chr14', 'Chr15', 'Chr16', 'Chr22', 'ChrX']",{'left duplication inversion': 1},1,True,0,94296,5,[],0,0,0,85128,4.930072430183548,1,0,0,0,0,0,[54071],1,[],0
23X_22q11_duplication_r2,20,2,"['Chr14', 'ChrX']",4,4,406617,"[399696, 6921]","['Chr1', 'Chr3', 'Chr5', 'Chr6', 'Chr8', 'Chr12', 'Chr14', 'Chr15', 'Chr16', 'Chr22', 'ChrX']",{'nonreciprocal translocation': 1},1,True,0,24770,7,[],0,0,0,31434,4.49739964883159,1,0,0,0,1,0,[2333944],3,[],0
23X_22q11_duplication_r2,3,1,['Chr4'],2,2,3980,"[1990, 1990]","['Chr1', 'Chr3', 'Chr5', 'Chr6', 'Chr8', 'Chr12', 'Chr14', 'Chr15', 'Chr16', 'Chr22', 'ChrX']",{},0,False,0,0,0,[],0,0,0,3980,3.5998830720736876,0,0,0,0,0,0,[],0,[],0
23X_22q11_duplication_r2,4,1,['Chr5'],2,2,16820,"[11276, 5544]","['Chr1', 'Chr3', 'Chr5', 'Chr6', 'Chr8', 'Chr12', 'Chr14', 'Chr15', 'Chr16', 'Chr22', 'ChrX']",{'inversion': 1},1,True,0,5732,4,[],0,0,0,16816,4.225722698684167,0,0,0,0,0,0,[],2,[],0
23X_22q11_duplication_r2,5,1,['Chr7'],2,2,1976,"[988, 988]","['Chr1', 'Chr3', 'Chr5', 'Chr6', 'Chr8', 'Chr12', 'Chr14', 'Chr15', 'Chr16', 'Chr22', 'ChrX']",{},0,False,0,0,0,[],0,0,0,1976,3.295786940251609,0,0,0,0,0,0,[],0,[],0
23X_22q11_duplication_r2,6,1,['Chr8'],2,2,463901,"[446189, 17712]","['Chr1', 'Chr3', 'Chr5', 'Chr6', 'Chr8', 'Chr12', 'Chr14', 'Chr15', 'Chr16', 'Chr22', 'ChrX']","{'right duplication inversion': 1, 'deletion': 1}",2,True,0,437922,7,[],0,0,0,441531,5.644961200906346,2,0,0,0,1,0,"[8134163, 88455]",2,[],0
23X_22q11_duplication_r2,7,1,['Chr9'],2,2,504,"[252, 252]","['Chr1', 'Chr3', 'Chr5', 'Chr6', 'Chr8', 'Chr12', 'Chr14', 'Chr15', 'Chr16', 'Chr22', 'ChrX']",{},0,False,0,0,0,[],0,0,0,504,2.7024305364455254,0,0,0,0,0,0,[],0,[],0
23X_22q11_duplication_r2,8,1,['Chr10'],2,2,4310,"[2155, 2155]","['Chr1', 'Chr3', 'Chr5', 'Chr6', 'Chr8', 'Chr12', 'Chr14', 'Chr15', 'Chr16', 'Chr22', 'ChrX']",{},0,False,0,0,0,[],0,0,0,4310,3.6344772701607315,0,0,0,0,0,0,[],0,[],0
23X_22q11_duplication_r2,9,1,['Chr11'],2,2,14112,"[7056, 7056]","['Chr1', 'Chr3', 'Chr5', 'Chr6', 'Chr8', 'Chr12', 'Chr14', 'Chr15', 'Chr16', 'Chr22', 'ChrX']",{},0,False,0,0,0,[],0,0,0,14112,4.149588567787744,0,0,0,0,0,0,[],0,[],0
23X_Angelman_r1,0,1,['Chr2'],2,2,161441,"[130902, 30539]","['Chr1', 'Chr2', 'Chr5', 'Chr7', 'Chr7', 'Chr9', 'Chr11', 'Chr15', 'Chr21']","{'inversion': 1, 'right duplication inversion': 1}",2,True,0,118712,9,[],0,0,0,134899,5.130008730279083,1,0,0,0,0,0,[78261],3,[],0
23X_Angelman_r1,1,1,['Chr3'],2,2,9924,"[4962, 4962]","['Chr1', 'Chr2', 'Chr5', 'Chr7', 'Chr7', 'Chr9', 'Chr11', 'Chr15', 'Chr21']",{},0,False,0,0,0,[],0,0,0,9924,3.9966867556001713,0,0,0,0,0,0,[],0,[],0
23X_Angelman_r1,10,1,['Chr12'],2,2,2696,"[1348, 1348]","['Chr1', 'Chr2', 'Chr5', 'Chr7', 'Chr7', 'Chr9', 'Chr11', 'Chr15', 'Chr21']",{},0,False,0,0,0,[],0,0,0,2696,3.4307198878632823,0,0,0,0,0,0,[],0,[],0
23X_Angelman_r1,11,1,['Chr13'],2,2,4450,"[2225, 2225]","['Chr1', 'Chr2', 'Chr5', 'Chr7', 'Chr7', 'Chr9', 'Chr11', 'Chr15', 'Chr21']",{},0,False,0,0,0,[],0,0,0,4450,3.6483600109809315,0,0,0,0,0,0,[],0,[],0
23X_Angelman_r1,12,1,['Chr14'],2,2,20870,"[10435, 10435]","['Chr1', 'Chr2', 'Chr5', 'Chr7', 'Chr7', 'Chr9', 'Chr11', 'Chr15', 'Chr21']",{},0,False,0,0,0,[],0,0,0,20870,4.319522449065454,0,0,0,0,0,0,[],0,[],0
23X_Angelman_r1,13,1,['Chr15'],2,2,127646578,"[127560295, 86283]","['Chr1', 'Chr2', 'Chr5', 'Chr7', 'Chr7', 'Chr9', 'Chr11', 'Chr15', 'Chr21']","{'deletion': 2, 'left duplication inversion': 1}",3,True,0,594580,6,"[('Chr15', 36199474, 'Chr15', 45940128)]",1,1,2,19952978,7.300007723704323,2,0,0,0,2,0,"[6100540, 9608393]",3,"[('Chr15', 36193053, 'Chr15', 45939127)]",1
23X_Angelman_r1,14,1,['Chr16'],2,2,7186,"[3593, 3593]","['Chr1', 'Chr2', 'Chr5', 'Chr7', 'Chr7', 'Chr9', 'Chr11', 'Chr15', 'Chr21']",{},0,False,0,0,0,[],0,0,0,7186,3.8564872128686307,0,0,0,0,0,0,[],0,[],0
23X_Angelman_r1,15,1,['Chr17'],2,2,2096,"[1048, 1048]","['Chr1', 'Chr2', 'Chr5', 'Chr7', 'Chr7', 'Chr9', 'Chr11', 'Chr15', 'Chr21']",{},0,False,0,0,0,[],0,0,0,2096,3.321391278311689,0,0,0,0,0,0,[],0,[],0
23X_Angelman_r1,16,1,['Chr18'],2,2,13820,"[6910, 6910]","['Chr1', 'Chr2', 'Chr5', 'Chr7', 'Chr7', 'Chr9', 'Chr11', 'Chr15', 'Chr21']",{},0,False,0,0,0,[],0,0,0,13820,4.14050804303818,0,0,0,0,0,0,[],0,[],0
23X_Angelman_r1,17,1,['Chr19'],2,2,3800,"[1900, 1900]","['Chr1', 'Chr2', 'Chr5', 'Chr7', 'Chr7', 'Chr9', 'Chr11', 'Chr15', 'Chr21']",{},0,False,0,0,0,[],0,0,0,3800,3.57978359661681,0,0,0,0,0,0,[],0,[],0
23X_Angelman_r1,18,1,['Chr20'],2,2,896,"[448, 448]","['Chr1', 'Chr2', 'Chr5', 'Chr7', 'Chr7', 'Chr9', 'Chr11', 'Chr15', 'Chr21']",{},0,False,0,0,0,[],0,0,0,896,2.9523080096621253,0,0,0,0,0,0,[],0,[],0
23X_Angelman_r1,19,1,['Chr21'],2,2,52510,"[43071, 9439]","['Chr1', 'Chr2', 'Chr5', 'Chr7', 'Chr7', 'Chr9', 'Chr11', 'Chr15', 'Chr21']",{'deletion': 1},1,True,0,33632,2,[],0,0,0,39138,4.592598628906131,1,0,0,0,1,0,[5902871],1,[],0
23X_Angelman_r1,2,1,['Chr4'],2,2,3980,"[1990, 1990]","['Chr1', 'Chr2', 'Chr5', 'Chr7', 'Chr7', 'Chr9', 'Chr11', 'Chr15', 'Chr21']",{},0,False,0,0,0,[],0,0,0,3980,3.5998830720736876,0,0,0,0,0,0,[],0,[],0
23X_Angelman_r1,20,1,['Chr22'],2,2,5760,"[2880, 2880]","['Chr1', 'Chr2', 'Chr5', 'Chr7', 'Chr7', 'Chr9', 'Chr11', 'Chr15', 'Chr21']",{},0,False,0,0,0,[],0,0,0,5760,3.760422483423212,0,0,0,0,0,0,[],0,[],0
23X_Angelman_r1,21,1,['ChrX'],2,2,10564,"[5282, 5282]","['Chr1', 'Chr2', 'Chr5', 'Chr7', 'Chr7', 'Chr9', 'Chr11', 'Chr15', 'Chr21']",{},0,False,0,0,0,[],0,0,0,10564,4.023828392534886,0,0,0,0,0,0,[],0,[],0
23X_Angelman_r1,3,1,['Chr5'],2,2,18498415,"[18451531, 46884]","['Chr1', 'Chr2', 'Chr5', 'Chr7', 'Chr7', 'Chr9', 'Chr11', 'Chr15', 'Chr21']","{'tandem duplication': 1, 'right duplication inversion': 1}",2,True,0,433993,2,"[('Chr5', 80424192, 'Chr5', 89606606)]",1,1,2,18434359,7.26562804090591,1,0,0,0,1,0,[8788239],2,"[('Chr5', 80425292, 'Chr5', 89610128)]",1
23X_Angelman_r1,4,1,['Chr6'],2,2,12162,"[6081, 6081]","['Chr1', 'Chr2', 'Chr5', 'Chr7', 'Chr7', 'Chr9', 'Chr11', 'Chr15', 'Chr21']",{},0,False,0,0,0,[],0,0,0,12162,4.085004999076652,0,0,0,0,0,0,[],0,[],0
23X_Angelman_r1,5,1,['Chr7'],2,2,116357,"[69091, 47266]","['Chr1', 'Chr2', 'Chr5', 'Chr7', 'Chr7', 'Chr9', 'Chr11', 'Chr15', 'Chr21']","{'arm tandem duplication': 1, 'chromosomal deletion': 1, 'deletion': 1, 'tandem duplication': 1}",4,True,0,64197,10,[],0,0,0,67151,4.827052484484231,0,0,0,0,0,0,[],2,[],0
23X_Angelman_r1,6,1,['Chr8'],2,2,5020,"[2510, 2510]","['Chr1', 'Chr2', 'Chr5', 'Chr7', 'Chr7', 'Chr9', 'Chr11', 'Chr15', 'Chr21']",{},0,False,0,0,0,[],0,0,0,5020,3.7007037171450192,0,0,0,0,0,0,[],0,[],0
23X_Angelman_r1,7,2,"['Chr1', 'Chr9']",4,4,270813098,"[8752, 135379546, 135399832, 24968]","['Chr1', 'Chr2', 'Chr5', 'Chr7', 'Chr7', 'Chr9', 'Chr11', 'Chr15', 'Chr21']",{'nonreciprocal translocation': 1},1,True,0,15154,7,[],0,0,0,15816,4.199096656305616,0,0,0,0,0,0,[],3,[],0
23X_Angelman_r1,8,1,['Chr10'],2,2,4310,"[2155, 2155]","['Chr1', 'Chr2', 'Chr5', 'Chr7', 'Chr7', 'Chr9', 'Chr11', 'Chr15', 'Chr21']",{},0,False,0,0,0,[],0,0,0,4310,3.6344772701607315,0,0,0,0,0,0,[],0,[],0
23X_Angelman_r1,9,1,['Chr11'],2,2,8188655,"[8159499, 29156]","['Chr1', 'Chr2', 'Chr5', 'Chr7', 'Chr7', 'Chr9', 'Chr11', 'Chr15', 'Chr21']","{'balanced reciprocal translocation': 2, 'right duplication inversion': 1, 'tandem duplication': 1}",4,True,0,75870,10,"[('Chr11', 11895654, 'Chr11', 16042633)]",1,1,2,8121095,6.909614590866288,1,0,0,0,1,0,[3907493],6,"[('Chr11', 11901419, 'Chr11', 16061951)]",1
23X_Angelman_r2,0,1,['Chr2'],2,2,8208162,"[8174353, 33809]","['Chr1', 'Chr2', 'Chr3', 'Chr4', 'Chr5', 'Chr6', 'Chr7', 'Chr8', 'Chr10', 'Chr14', 'Chr15', 'Chr16']","{'left duplication inversion': 1, 'balanced reciprocal translocation': 2, 'deletion': 1}",4,True,0,151089,10,"[('Chr2', 6765526, 'Chr2', 11098170)]",1,1,2,8143934,6.910834245401333,1,0,0,0,1,0,[3656810],6,"[('Chr2', 6763399, 'Chr2', 11097905)]",1
23X_Angelman_r2,1,1,['Chr3'],2,2,155224,"[93745, 61479]","['Chr1', 'Chr2', 'Chr3', 'Chr4', 'Chr5', 'Chr6', 'Chr7', 'Chr8', 'Chr10', 'Chr14', 'Chr15', 'Chr16']",{'deletion': 1},1,True,0,132793,3,[],0,0,0,148559,5.171898967361075,1,0,0,0,1,0,[7492361],1,[],0
23X_Angelman_r2,10,1,['Chr13'],2,2,14112,"[7056, 7056]","['Chr1', 'Chr2', 'Chr3', 'Chr4', 'Chr5', 'Chr6', 'Chr7', 'Chr8', 'Chr10', 'Chr14', 'Chr15', 'Chr16']",{},0,False,0,0,0,[],0,0,0,4450,3.6483600109809315,0,0,0,0,0,0,[],0,[],0
23X_Angelman_r2,11,1,['Chr14'],2,2,2696,"[1348, 1348]","['Chr1', 'Chr2', 'Chr3', 'Chr4', 'Chr5', 'Chr6', 'Chr7', 'Chr8', 'Chr10', 'Chr14', 'Chr15', 'Chr16']",{'left duplication inversion': 1},1,True,0,34146,2,[],0,0,0,2282515,6.358413640268034,0,0,0,0,0,0,[],1,[],0
23X_Angelman_r2,12,1,['Chr15'],2,2,4450,"[2225, 2225]","['Chr1', 'Chr2', 'Chr3', 'Chr4', 'Chr5', 'Chr6', 'Chr7', 'Chr8', 'Chr10', 'Chr14', 'Chr15', 'Chr16']",{'deletion': 1},1,True,0,577585,4,[],0,0,0,586943,5.768595927504106,1,0,0,0,1,0,[6093360],1,[],0
23X_Angelman_r2,13,1,['Chr16'],2,2,177407114,"[88696919, 88710195]","['Chr1', 'Chr2', 'Chr3', 'Chr4', 'Chr5', 'Chr6', 'Chr7', 'Chr8', 'Chr10', 'Chr14', 'Chr15', 'Chr16']",{'arm deletion': 1},1,True,0,28988,4,"[('Chr16', 9999, 'Chr16', 36311159)]",1,1,2,4141572,6.617165215841243,1,1,0,0,1,1,[32195764],1,[],0
23X_Angelman_r2,14,1,['Chr17'],2,2,152902735,"[152889637, 13098]","['Chr1', 'Chr2', 'Chr3', 'Chr4', 'Chr5', 'Chr6', 'Chr7', 'Chr8', 'Chr10', 'Chr14', 'Chr15', 'Chr16']",{},0,False,0,0,0,[],0,0,0,2096,3.321391278311689,0,0,0,0,0,0,[],0,[],0
23X_Angelman_r2,15,1,['Chr18'],2,2,4150928,"[4082769, 68159]","['Chr1', 'Chr2', 'Chr3', 'Chr4', 'Chr5', 'Chr6', 'Chr7', 'Chr8', 'Chr10', 'Chr14', 'Chr15', 'Chr16']",{},0,False,0,0,0,[],0,0,0,13820,4.14050804303818,0,0,0,0,0,0,[],0,[],0
23X_Angelman_r2,16,1,['Chr19'],2,2,2096,"[1048, 1048]","['Chr1', 'Chr2', 'Chr3', 'Chr4', 'Chr5', 'Chr6', 'Chr7', 'Chr8', 'Chr10', 'Chr14', 'Chr15', 'Chr16']",{},0,False,0,0,0,[],0,0,0,3800,3.57978359661681,0,0,0,0,0,0,[],0,[],0
23X_Angelman_r2,17,1,['Chr20'],2,2,13820,"[6910, 6910]","['Chr1', 'Chr2', 'Chr3', 'Chr4', 'Chr5', 'Chr6', 'Chr7', 'Chr8', 'Chr10', 'Chr14', 'Chr15', 'Chr16']",{},0,False,0,0,0,[],0,0,0,896,2.9523080096621253,0,0,0,0,0,0,[],0,[],0
23X_Angelman_r2,18,1,['Chr21'],2,2,3800,"[1900, 1900]","['Chr1', 'Chr2', 'Chr3', 'Chr4', 'Chr5', 'Chr6', 'Chr7', 'Chr8', 'Chr10', 'Chr14', 'Chr15', 'Chr16']",{},0,False,0,0,0,[],0,0,0,5504,3.740678425227455,0,0,0,0,0,0,[],0,[],0
23X_Angelman_r2,19,1,['Chr22'],2,2,896,"[448, 448]","['Chr1', 'Chr2', 'Chr3', 'Chr4', 'Chr5', 'Chr6', 'Chr7', 'Chr8', 'Chr10', 'Chr14', 'Chr15', 'Chr16']",{},0,False,0,0,0,[],0,0,0,5760,3.760422483423212,0,0,0,0,0,0,[],0,[],0
23X_Angelman_r2,2,1,['Chr4'],2,2,110108,"[66133, 43975]","['Chr1', 'Chr2', 'Chr3', 'Chr4', 'Chr5', 'Chr6', 'Chr7', 'Chr8', 'Chr10', 'Chr14', 'Chr15', 'Chr16']",{'deletion': 1},1,True,0,165285,3,[],0,0,0,175239,5.2436307662151025,1,0,0,0,1,0,[7194320],1,[],0
23X_Angelman_r2,20,1,['ChrX'],2,2,5504,"[2752, 2752]","['Chr1', 'Chr2', 'Chr3', 'Chr4', 'Chr5', 'Chr6', 'Chr7', 'Chr8', 'Chr10', 'Chr14', 'Chr15', 'Chr16']",{},0,False,0,0,0,[],0,0,0,10564,4.023828392534886,0,0,0,0,0,0,[],0,[],0
23X_Angelman_r2,3,2,"['Chr1', 'Chr6']",4,4,112010864,"[112007776, 3088]","['Chr1', 'Chr2', 'Chr3', 'Chr4', 'Chr5', 'Chr6', 'Chr7', 'Chr8', 'Chr10', 'Chr14', 'Chr15', 'Chr16']",{'balanced reciprocal translocation': 2},2,True,0,18372,8,[],0,0,0,18338,4.2633519683935654,0,0,0,0,0,0,[],4,[],0
23X_Angelman_r2,4,1,['Chr7'],2,2,112023694,"[15267, 112008427]","['Chr1', 'Chr2', 'Chr3', 'Chr4', 'Chr5', 'Chr6', 'Chr7', 'Chr8', 'Chr10', 'Chr14', 'Chr15', 'Chr16']",{'tandem duplication': 1},1,True,0,242233,2,[],0,0,0,245187,5.389497439835223,0,0,0,0,0,0,[],1,[],0
23X_Angelman_r2,5,2,"['Chr5', 'Chr8']",4,4,268085,"[255159, 12926]","['Chr1', 'Chr2', 'Chr3', 'Chr4', 'Chr5', 'Chr6', 'Chr7', 'Chr8', 'Chr10', 'Chr14', 'Chr15', 'Chr16']","{'left duplication inversion': 1, 'balanced reciprocal translocation': 2, 'inversion': 1}",4,True,0,56704,14,[],0,0,0,3640967,6.561216742712342,0,0,0,0,0,0,[],7,[],0
23X_Angelman_r2,6,1,['Chr9'],2,2,494051897,"[494046353, 5544]","['Chr1', 'Chr2', 'Chr3', 'Chr4', 'Chr5', 'Chr6', 'Chr7', 'Chr8', 'Chr10', 'Chr14', 'Chr15', 'Chr16']",{},0,False,0,0,0,[],0,0,0,504,2.7024305364455254,0,0,0,0,0,0,[],0,[],0
23X_Angelman_r2,7,1,['Chr10'],2,2,326711143,"[148587327, 178123816]","['Chr1', 'Chr2', 'Chr3', 'Chr4', 'Chr5', 'Chr6', 'Chr7', 'Chr8', 'Chr10', 'Chr14', 'Chr15', 'Chr16']","{'left duplication inversion': 1, 'tandem duplication': 1, 'deletion': 1}",3,True,0,217413,8,[],0,2,2,2410335,6.382077407114541,1,0,0,0,0,0,[61689],3,[],0
23X_Angelman_r2,8,1,['Chr11'],2,2,504,"[252, 252]","['Chr1', 'Chr2', 'Chr3', 'Chr4', 'Chr5', 'Chr6', 'Chr7', 'Chr8', 'Chr10', 'Chr14', 'Chr15', 'Chr16']",{},0,False,0,0,0,[],0,0,0,14112,4.149588567787744,0,0,0,0,0,0,[],0,[],0
23X_Angelman_r2,9,1,['Chr12'],2,2,2437627,"[2371394, 66233]","['Chr1', 'Chr2', 'Chr3', 'Chr4', 'Chr5', 'Chr6', 'Chr7', 'Chr8', 'Chr10', 'Chr14', 'Chr15', 'Chr16']",{},0,False,0,0,0,[],0,0,0,2696,3.4307198878632823,0,0,0,0,0,0,[],0,[],0
23X_Cri_du_Chat_r1,0,1,['Chr1'],2,2,2386734,"[2383646, 3088]","['Chr1', 'Chr2', 'Chr3', 'Chr4', 'Chr5', 'Chr6', 'Chr7', 'Chr9', 'Chr16', 'Chr20']",{'balanced reciprocal translocation': 2},2,True,0,0,0,"[('Chr1', 176037329, 'Chr1', 230776599), ('Chr1', 233135656, 'Chr1', 176037330), ('Chr1', 230776598, 'Chr1', 233135657)]",3,0,3,6176,3.7907072873276797,0,0,0,0,0,0,[],3,"[('Chr1', 176044006, 'Chr1', 230779907)]",1
23X_Cri_du_Chat_r1,1,1,['Chr2'],2,3,18881946,"[9500886, 19160, 9361900]","['Chr1', 'Chr2', 'Chr3', 'Chr4', 'Chr5', 'Chr6', 'Chr7', 'Chr9', 'Chr16', 'Chr20']","{'right duplication inversion': 1, 'tandem duplication': 1}",2,True,1,18267,4,"[('Chr2', 232713874, 'Chr2', 242183529)]",1,0,1,18857882,7.275492913885623,0,0,0,0,0,0,[],2,[],0
23X_Cri_du_Chat_r1,10,1,['Chr13'],2,2,4450,"[2225, 2225]","['Chr1', 'Chr2', 'Chr3', 'Chr4', 'Chr5', 'Chr6', 'Chr7', 'Chr9', 'Chr16', 'Chr20']",{},0,False,0,0,0,[],0,0,0,4450,3.6483600109809315,0,0,0,0,0,0,[],0,[],0
23X_Cri_du_Chat_r1,11,1,['Chr14'],2,2,20870,"[10435, 10435]","['Chr1', 'Chr2', 'Chr3', 'Chr4', 'Chr5', 'Chr6', 'Chr7', 'Chr9', 'Chr16', 'Chr20']",{},0,False,0,0,0,[],0,0,0,20870,4.319522449065454,0,0,0,0,0,0,[],0,[],0
23X_Cri_du_Chat_r1,12,1,['Chr15'],2,2,9358,"[4679, 4679]","['Chr1', 'Chr2', 'Chr3', 'Chr4', 'Chr5', 'Chr6', 'Chr7', 'Chr9', 'Chr16', 'Chr20']",{},0,False,0,0,0,[],0,0,0,9358,3.9711830408561615,0,0,0,0,0,0,[],0,[],0
23X_Cri_du_Chat_r1,13,1,['Chr16'],2,2,60007,"[31727, 28280]","['Chr1', 'Chr2', 'Chr3', 'Chr4', 'Chr5', 'Chr6', 'Chr7', 'Chr9', 'Chr16', 'Chr20']",{'deletion': 1},1,True,0,63932,2,[],0,0,0,79390,4.899765801944386,1,0,0,0,1,0,[7249881],1,[],0
23X_Cri_du_Chat_r1,14,1,['Chr17'],2,2,2096,"[1048, 1048]","['Chr1', 'Chr2', 'Chr3', 'Chr4', 'Chr5', 'Chr6', 'Chr7', 'Chr9', 'Chr16', 'Chr20']",{},0,False,0,0,0,[],0,0,0,2096,3.321391278311689,0,0,0,0,0,0,[],0,[],0
23X_Cri_du_Chat_r1,15,1,['Chr18'],2,2,13820,"[6910, 6910]","['Chr1', 'Chr2', 'Chr3', 'Chr4', 'Chr5', 'Chr6', 'Chr7', 'Chr9', 'Chr16', 'Chr20']",{},0,False,0,0,0,[],0,0,0,13820,4.14050804303818,0,0,0,0,0,0,[],0,[],0
23X_Cri_du_Chat_r1,16,1,['Chr19'],2,2,3800,"[1900, 1900]","['Chr1', 'Chr2', 'Chr3', 'Chr4', 'Chr5', 'Chr6', 'Chr7', 'Chr9', 'Chr16', 'Chr20']",{},0,False,0,0,0,[],0,0,0,3800,3.57978359661681,0,0,0,0,0,0,[],0,[],0
23X_Cri_du_Chat_r1,17,1,['Chr20'],2,2,252174,"[224453, 27721]","['Chr1', 'Chr2', 'Chr3', 'Chr4', 'Chr5', 'Chr6', 'Chr7', 'Chr9', 'Chr16', 'Chr20']",{'tandem duplication': 1},1,True,0,196732,2,[],0,0,0,217944,5.3383449173878414,0,0,0,0,0,0,[],1,[],0
23X_Cri_du_Chat_r1,18,1,['Chr21'],2,2,5504,"[2752, 2752]","['Chr1', 'Chr2', 'Chr3', 'Chr4', 'Chr5', 'Chr6', 'Chr7', 'Chr9', 'Chr16', 'Chr20']",{},0,False,0,0,0,[],0,0,0,5504,3.740678425227455,0,0,0,0,0,0,[],0,[],0
23X_Cri_du_Chat_r1,19,1,['Chr22'],2,2,5760,"[2880, 2880]","['Chr1', 'Chr2', 'Chr3', 'Chr4', 'Chr5', 'Chr6', 'Chr7', 'Chr9', 'Chr16', 'Chr20']",{},0,False,0,0,0,[],0,0,0,5760,3.760422483423212,0,0,0,0,0,0,[],0,[],0
23X_Cri_du_Chat_r1,2,1,['Chr5'],1,2,482396,"[89984, 392412]","['Chr1', 'Chr2', 'Chr3', 'Chr4', 'Chr5', 'Chr6', 'Chr7', 'Chr9', 'Chr16', 'Chr20']","{'deletion': 1, 'chromosomal deletion': 1}",2,True,1,0,0,[],0,2,2,3729435,6.571643042272953,2,2,0,0,2,2,"[46146072, 131592754]",0,[],0
23X_Cri_du_Chat_r1,20,1,['ChrX'],2,2,10564,"[5282, 5282]","['Chr1', 'Chr2', 'Chr3', 'Chr4', 'Chr5', 'Chr6', 'Chr7', 'Chr9', 'Chr16', 'Chr20']",{},0,False,0,0,0,[],0,0,0,10564,4.023828392534886,0,0,0,0,0,0,[],0,[],0
23X_Cri_du_Chat_r1,3,1,['Chr6'],2,2,21062,"[14981, 6081]","['Chr1', 'Chr2', 'Chr3', 'Chr4', 'Chr5', 'Chr6', 'Chr7', 'Chr9', 'Chr16', 'Chr20']",{'inversion': 1},1,True,0,8900,4,[],0,0,0,21058,4.32341712135042,0,0,0,0,0,0,[],2,[],0
23X_Cri_du_Chat_r1,4,1,['Chr7'],2,2,51983,"[38372, 13611]","['Chr1', 'Chr2', 'Chr3', 'Chr4', 'Chr5', 'Chr6', 'Chr7', 'Chr9', 'Chr16', 'Chr20']",{'tandem duplication': 1},1,True,0,258976,2,[],0,0,0,261930,5.418185242939565,1,0,0,0,1,0,[6546845],1,[],0
23X_Cri_du_Chat_r1,5,1,['Chr8'],2,2,5020,"[2510, 2510]","['Chr1', 'Chr2', 'Chr3', 'Chr4', 'Chr5', 'Chr6', 'Chr7', 'Chr9', 'Chr16', 'Chr20']",{},0,False,0,0,0,[],0,0,0,5020,3.7007037171450192,0,0,0,0,0,0,[],0,[],0
23X_Cri_du_Chat_r1,6,3,"['Chr3', 'Chr4', 'Chr9']",6,6,792411093,"[109270767, 265505767, 27364498, 241558829, 139196416, 9514816]","['Chr1', 'Chr2', 'Chr3', 'Chr4', 'Chr5', 'Chr6', 'Chr7', 'Chr9', 'Chr16', 'Chr20']","{'left duplication inversion': 2, 'right duplication inversion': 2, 'nonreciprocal translocation': 2, 'tandem duplication': 1}",7,True,0,234135,23,"[('Chr4', 77911497, 'Chr4', 87293514), ('Chr9', 16140423, 'Chr9', 20180540), ('Chr9', 9999, 'Chr9', 6286669)]",3,3,6,38624709,7.586865220454372,6,3,0,0,5,3,"[3761810, 122809, 9213643, 9436640, 3757315, 5717888]",11,"[('Chr4', 77917312, 'Chr4', 87306080), ('Chr9', 16144121, 'Chr9', 20186111)]",2
23X_Cri_du_Chat_r1,7,1,['Chr10'],2,2,4310,"[2155, 2155]","['Chr1', 'Chr2', 'Chr3', 'Chr4', 'Chr5', 'Chr6', 'Chr7', 'Chr9', 'Chr16', 'Chr20']",{},0,False,0,0,0,[],0,0,0,4310,3.6344772701607315,0,0,0,0,0,0,[],0,[],0
23X_Cri_du_Chat_r1,8,1,['Chr11'],2,2,14112,"[7056, 7056]","['Chr1', 'Chr2', 'Chr3', 'Chr4', 'Chr5', 'Chr6', 'Chr7', 'Chr9', 'Chr16', 'Chr20']",{},0,False,0,0,0,[],0,0,0,14112,4.149588567787744,0,0,0,0,0,0,[],0,[],0
23X_Cri_du_Chat_r1,9,1,['Chr12'],2,2,2696,"[1348, 1348]","['Chr1', 'Chr2', 'Chr3', 'Chr4', 'Chr5', 'Chr6', 'Chr7', 'Chr9', 'Chr16', 'Chr20']",{},0,False,0,0,0,[],0,0,0,2696,3.4307198878632823,0,0,0,0,0,0,[],0,[],0
23X_Cri_du_Chat_r2,0,1,['Chr1'],2,2,199144,"[177674, 21470]","['Chr1', 'Chr3', 'Chr5', 'Chr6', 'Chr7', 'Chr9', 'Chr10', 'Chr10', 'Chr11', 'Chr15', 'Chr18']","{'inversion': 1, 'deletion': 1}",2,True,0,156204,6,[],0,0,0,171286,5.2337218675118145,0,0,0,0,0,0,[],3,[],0
23X_Cri_du_Chat_r2,1,1,['Chr2'],2,2,4342,"[2171, 2171]","['Chr1', 'Chr3', 'Chr5', 'Chr6', 'Chr7', 'Chr9', 'Chr10', 'Chr10', 'Chr11', 'Chr15', 'Chr18']",{},0,False,0,0,0,[],0,0,0,4342,3.637689819118401,0,0,0,0,0,0,[],0,[],0
23X_Cri_du_Chat_r2,10,1,['Chr12'],2,2,2696,"[1348, 1348]","['Chr1', 'Chr3', 'Chr5', 'Chr6', 'Chr7', 'Chr9', 'Chr10', 'Chr10', 'Chr11', 'Chr15', 'Chr18']",{},0,False,0,0,0,[],0,0,0,2696,3.4307198878632823,0,0,0,0,0,0,[],0,[],0
23X_Cri_du_Chat_r2,11,1,['Chr13'],2,2,4450,"[2225, 2225]","['Chr1', 'Chr3', 'Chr5', 'Chr6', 'Chr7', 'Chr9', 'Chr10', 'Chr10', 'Chr11', 'Chr15', 'Chr18']",{},0,False,0,0,0,[],0,0,0,4450,3.6483600109809315,0,0,0,0,0,0,[],0,[],0
23X_Cri_du_Chat_r2,12,1,['Chr14'],2,2,20870,"[10435, 10435]","['Chr1', 'Chr3', 'Chr5', 'Chr6', 'Chr7', 'Chr9', 'Chr10', 'Chr10', 'Chr11', 'Chr15', 'Chr18']",{},0,False,0,0,0,[],0,0,0,20870,4.319522449065454,0,0,0,0,0,0,[],0,[],0
23X_Cri_du_Chat_r2,13,1,['Chr15'],2,2,163900349,"[163875138, 25211]","['Chr1', 'Chr3', 'Chr5', 'Chr6', 'Chr7', 'Chr9', 'Chr10', 'Chr10', 'Chr11', 'Chr15', 'Chr18']",{'right duplication inversion': 1},1,True,0,2,2,"[('Chr15', 92304122, 'Chr15', 101981189)]",1,1,2,18701545,7.271877486603748,1,0,0,0,1,0,[9015125],1,[],0
23X_Cri_du_Chat_r2,14,1,['Chr16'],2,2,7186,"[3593, 3593]","['Chr1', 'Chr3', 'Chr5', 'Chr6', 'Chr7', 'Chr9', 'Chr10', 'Chr10', 'Chr11', 'Chr15', 'Chr18']",{},0,False,0,0,0,[],0,0,0,7186,3.8564872128686307,0,0,0,0,0,0,[],0,[],0
23X_Cri_du_Chat_r2,15,1,['Chr17'],2,2,2096,"[1048, 1048]","['Chr1', 'Chr3', 'Chr5', 'Chr6', 'Chr7', 'Chr9', 'Chr10', 'Chr10', 'Chr11', 'Chr15', 'Chr18']",{},0,False,0,0,0,[],0,0,0,2096,3.321391278311689,0,0,0,0,0,0,[],0,[],0
23X_Cri_du_Chat_r2,16,1,['Chr18'],2,2,110227,"[59325, 50902]","['Chr1', 'Chr3', 'Chr5', 'Chr6', 'Chr7', 'Chr9', 'Chr10', 'Chr10', 'Chr11', 'Chr15', 'Chr18']",{'deletion': 1},1,True,0,101334,3,[],0,0,0,132894,5.123505373525771,1,0,0,0,1,0,[6330195],1,[],0
23X_Cri_du_Chat_r2,17,1,['Chr19'],2,2,3800,"[1900, 1900]","['Chr1', 'Chr3', 'Chr5', 'Chr6', 'Chr7', 'Chr9', 'Chr10', 'Chr10', 'Chr11', 'Chr15', 'Chr18']",{},0,False,0,0,0,[],0,0,0,3800,3.57978359661681,0,0,0,0,0,0,[],0,[],0
23X_Cri_du_Chat_r2,18,1,['Chr20'],2,2,896,"[448, 448]","['Chr1', 'Chr3', 'Chr5', 'Chr6', 'Chr7', 'Chr9', 'Chr10', 'Chr10', 'Chr11', 'Chr15', 'Chr18']",{},0,False,0,0,0,[],0,0,0,896,2.9523080096621253,0,0,0,0,0,0,[],0,[],0
23X_Cri_du_Chat_r2,19,1,['Chr21'],2,2,5504,"[2752, 2752]","['Chr1', 'Chr3', 'Chr5', 'Chr6', 'Chr7', 'Chr9', 'Chr10', 'Chr10', 'Chr11', 'Chr15', 'Chr18']",{},0,False,0,0,0,[],0,0,0,5504,3.740678425227455,0,0,0,0,0,0,[],0,[],0
23X_Cri_du_Chat_r2,2,1,['Chr3'],2,2,472595,"[424265, 48330]","['Chr1', 'Chr3', 'Chr5', 'Chr6', 'Chr7', 'Chr9', 'Chr10', 'Chr10', 'Chr11', 'Chr15', 'Chr18']","{'deletion': 1, 'tandem duplication': 1}",2,True,0,547685,4,[],0,0,0,563451,5.750856154002528,1,0,0,0,1,0,[6420577],2,[],0
23X_Cri_du_Chat_r2,20,1,['Chr22'],2,2,5760,"[2880, 2880]","['Chr1', 'Chr3', 'Chr5', 'Chr6', 'Chr7', 'Chr9', 'Chr10', 'Chr10', 'Chr11', 'Chr15', 'Chr18']",{},0,False,0,0,0,[],0,0,0,5760,3.760422483423212,0,0,0,0,0,0,[],0,[],0
23X_Cri_du_Chat_r2,21,1,['ChrX'],2,2,10564,"[5282, 5282]","['Chr1', 'Chr3', 'Chr5', 'Chr6', 'Chr7', 'Chr9', 'Chr10', 'Chr10', 'Chr11', 'Chr15', 'Chr18']",{},0,False,0,0,0,[],0,0,0,10564,4.023828392534886,0,0,0,0,0,0,[],0,[],0
23X_Cri_du_Chat_r2,3,1,['Chr4'],2,2,3980,"[1990, 1990]","['Chr1', 'Chr3', 'Chr5', 'Chr6', 'Chr7', 'Chr9', 'Chr10', 'Chr10', 'Chr11', 'Chr15', 'Chr18']",{},0,False,0,0,0,[],0,0,0,3980,3.5998830720736876,0,0,0,0,0,0,[],0,[],0
23X_Cri_du_Chat_r2,4,1,['Chr5'],2,2,859695,"[799983, 59712]","['Chr1', 'Chr3', 'Chr5', 'Chr6', 'Chr7', 'Chr9', 'Chr10', 'Chr10', 'Chr11', 'Chr15', 'Chr18']","{'deletion': 1, 'tandem duplication': 1}",2,True,0,761243,4,[],0,0,0,772333,5.8878045916319985,1,0,0,0,1,0,[12383813],2,[],0
23X_Cri_du_Chat_r2,5,1,['Chr6'],2,2,13076,"[6995, 6081]","['Chr1', 'Chr3', 'Chr5', 'Chr6', 'Chr7', 'Chr9', 'Chr10', 'Chr10', 'Chr11', 'Chr15', 'Chr18']",{'inversion': 1},1,True,0,914,4,[],0,0,0,13072,4.11634203918834,0,0,0,0,0,0,[],2,[],0
23X_Cri_du_Chat_r2,6,1,['Chr7'],2,2,243111,"[223606, 19505]","['Chr1', 'Chr3', 'Chr5', 'Chr6', 'Chr7', 'Chr9', 'Chr10', 'Chr10', 'Chr11', 'Chr15', 'Chr18']",{'right duplication inversion': 1},1,True,0,206312,5,[],0,0,0,209263,5.32069244708534,1,0,0,0,0,0,[185497],1,[],0
23X_Cri_du_Chat_r2,7,1,['Chr8'],2,2,5020,"[2510, 2510]","['Chr1', 'Chr3', 'Chr5', 'Chr6', 'Chr7', 'Chr9', 'Chr10', 'Chr10', 'Chr11', 'Chr15', 'Chr18']",{},0,False,0,0,0,[],0,0,0,5020,3.7007037171450192,0,0,0,0,0,0,[],0,[],0
23X_Cri_du_Chat_r2,8,1,['Chr9'],2,2,366012,"[343696, 22316]","['Chr1', 'Chr3', 'Chr5', 'Chr6', 'Chr7', 'Chr9', 'Chr10', 'Chr10', 'Chr11', 'Chr15', 'Chr18']",{'deletion': 1},1,True,0,321380,2,[],0,0,0,331020,5.519854234341383,1,0,0,0,1,0,[9126467],1,[],0
23X_Cri_du_Chat_r2,9,2,"['Chr10', 'Chr11']",5,4,561934814,"[126999146, 300870288, 1214889, 132843435, 7056]","['Chr1', 'Chr3', 'Chr5', 'Chr6', 'Chr7', 'Chr9', 'Chr10', 'Chr10', 'Chr11', 'Chr15', 'Chr18']","{'tandem duplication': 2, 'chromosomal duplication': 1, 'right duplication inversion': 1, 'nonreciprocal translocation': 1}",5,True,-1,425381,30,"[('Chr10', 120399824, 'Chr10', 125828590)]",1,9,10,32038413,7.5056709954767244,4,1,0,0,4,1,"[38103435, 81454527, 6319465, 2173430]",7,"[('Chr10', 120400468, 'Chr10', 125829449)]",1
23X_Early_onset_Alzheimer_r1,0,1,['Chr1'],2,2,153980,"[117666, 36314]","['Chr1', 'Chr2', 'Chr3', 'Chr5', 'Chr7', 'Chr8', 'Chr10', 'Chr11', 'Chr12', 'Chr14', 'Chr18', 'Chr19', 'Chr21']",{'deletion': 1},1,True,0,89834,2,[],0,0,0,104920,5.020858281918316,0,0,0,0,0,0,[],1,[],0
23X_Early_onset_Alzheimer_r1,1,1,['Chr3'],2,2,152643,"[102299, 50344]","['Chr1', 'Chr2', 'Chr3', 'Chr5', 'Chr7', 'Chr8', 'Chr10', 'Chr11', 'Chr12', 'Chr14', 'Chr18', 'Chr19', 'Chr21']","{'inversion': 1, 'right duplication inversion': 1}",2,True,0,53051,9,[],0,0,0,94235,4.974212234891919,0,0,0,0,0,0,[],3,[],0
23X_Early_onset_Alzheimer_r1,10,1,['Chr15'],2,2,9358,"[4679, 4679]","['Chr1', 'Chr2', 'Chr3', 'Chr5', 'Chr7', 'Chr8', 'Chr10', 'Chr11', 'Chr12', 'Chr14', 'Chr18', 'Chr19', 'Chr21']",{},0,False,0,0,0,[],0,0,0,9358,3.9711830408561615,0,0,0,0,0,0,[],0,[],0
23X_Early_onset_Alzheimer_r1,11,1,['Chr16'],2,2,7186,"[3593, 3593]","['Chr1', 'Chr2', 'Chr3', 'Chr5', 'Chr7', 'Chr8', 'Chr10', 'Chr11', 'Chr12', 'Chr14', 'Chr18', 'Chr19', 'Chr21']",{},0,False,0,0,0,[],0,0,0,7186,3.8564872128686307,0,0,0,0,0,0,[],0,[],0
23X_Early_onset_Alzheimer_r1,12,1,['Chr17'],2,2,2096,"[1048, 1048]","['Chr1', 'Chr2', 'Chr3', 'Chr5', 'Chr7', 'Chr8', 'Chr10', 'Chr11', 'Chr12', 'Chr14', 'Chr18', 'Chr19', 'Chr21']",{},0,False,0,0,0,[],0,0,0,2096,3.321391278311689,0,0,0,0,0,0,[],0,[],0
23X_Early_onset_Alzheimer_r1,13,3,"['Chr8', 'Chr14', 'Chr18']",6,6,260755637,"[94435800, 17851, 1712290, 129453734, 1684580, 33451382]","['Chr1', 'Chr2', 'Chr3', 'Chr5', 'Chr7', 'Chr8', 'Chr10', 'Chr11', 'Chr12', 'Chr14', 'Chr18', 'Chr19', 'Chr21']","{'left duplication inversion': 1, 'balanced reciprocal translocation': 2, 'nonreciprocal translocation': 1}",4,True,0,137432,20,[],0,0,0,120609,5.081379716630826,2,0,0,0,1,0,"[1676681, 58631]",8,[],0
23X_Early_onset_Alzheimer_r1,14,2,"['Chr7', 'Chr19']",4,4,44559992,"[22764118, 988, 21792986, 1900]","['Chr1', 'Chr2', 'Chr3', 'Chr5', 'Chr7', 'Chr8', 'Chr10', 'Chr11', 'Chr12', 'Chr14', 'Chr18', 'Chr19', 'Chr21']","{'inversion': 1, 'nonreciprocal translocation': 1}",2,True,0,23340,11,[],0,0,0,19122,4.281533313857376,1,0,0,0,1,0,[958695],5,[],0
23X_Early_onset_Alzheimer_r1,15,1,['Chr20'],2,2,896,"[448, 448]","['Chr1', 'Chr2', 'Chr3', 'Chr5', 'Chr7', 'Chr8', 'Chr10', 'Chr11', 'Chr12', 'Chr14', 'Chr18', 'Chr19', 'Chr21']",{},0,False,0,0,0,[],0,0,0,896,2.9523080096621253,0,0,0,0,0,0,[],0,[],0
23X_Early_onset_Alzheimer_r1,16,1,['Chr21'],2,2,296084,"[293332, 2752]","['Chr1', 'Chr2', 'Chr3', 'Chr5', 'Chr7', 'Chr8', 'Chr10', 'Chr11', 'Chr12', 'Chr14', 'Chr18', 'Chr19', 'Chr21']",{'tandem duplication': 1},1,True,0,290578,1,[],0,0,0,296084,5.471414939306027,0,0,0,0,0,0,[],0,[],0
23X_Early_onset_Alzheimer_r1,17,1,['Chr22'],2,2,5760,"[2880, 2880]","['Chr1', 'Chr2', 'Chr3', 'Chr5', 'Chr7', 'Chr8', 'Chr10', 'Chr11', 'Chr12', 'Chr14', 'Chr18', 'Chr19', 'Chr21']",{},0,False,0,0,0,[],0,0,0,5760,3.760422483423212,0,0,0,0,0,0,[],0,[],0
23X_Early_onset_Alzheimer_r1,18,1,['ChrX'],2,2,10564,"[5282, 5282]","['Chr1', 'Chr2', 'Chr3', 'Chr5', 'Chr7', 'Chr8', 'Chr10', 'Chr11', 'Chr12', 'Chr14', 'Chr18', 'Chr19', 'Chr21']",{},0,False,0,0,0,[],0,0,0,10564,4.023828392534886,0,0,0,0,0,0,[],0,[],0
23X_Early_onset_Alzheimer_r1,2,1,['Chr4'],2,2,3980,"[1990, 1990]","['Chr1', 'Chr2', 'Chr3', 'Chr5', 'Chr7', 'Chr8', 'Chr10', 'Chr11', 'Chr12', 'Chr14', 'Chr18', 'Chr19', 'Chr21']",{},0,False,0,0,0,[],0,0,0,3980,3.5998830720736876,0,0,0,0,0,0,[],0,[],0
23X_Early_onset_Alzheimer_r1,3,1,['Chr5'],2,2,604523,"[598979, 5544]","['Chr1', 'Chr2', 'Chr3', 'Chr5', 'Chr7', 'Chr8', 'Chr10', 'Chr11', 'Chr12', 'Chr14', 'Chr18', 'Chr19', 'Chr21']",{'tandem duplication': 1},1,True,0,0,0,"[('Chr5', 77269361, 'Chr5', 76675927)]",1,0,1,604523,5.781412828907398,0,0,0,0,0,0,[],1,[],0
23X_Early_onset_Alzheimer_r1,4,1,['Chr6'],2,2,12162,"[6081, 6081]","['Chr1', 'Chr2', 'Chr3', 'Chr5', 'Chr7', 'Chr8', 'Chr10', 'Chr11', 'Chr12', 'Chr14', 'Chr18', 'Chr19', 'Chr21']",{},0,False,0,0,0,[],0,0,0,12162,4.085004999076652,0,0,0,0,0,0,[],0,[],0
23X_Early_onset_Alzheimer_r1,5,1,['Chr9'],2,2,504,"[252, 252]","['Chr1', 'Chr2', 'Chr3', 'Chr5', 'Chr7', 'Chr8', 'Chr10', 'Chr11', 'Chr12', 'Chr14', 'Chr18', 'Chr19', 'Chr21']",{},0,False,0,0,0,[],0,0,0,504,2.7024305364455254,0,0,0,0,0,0,[],0,[],0
23X_Early_onset_Alzheimer_r1,6,2,"['Chr2', 'Chr10']",4,4,2334273,"[2253042, 2171, 57177, 21883]","['Chr1', 'Chr2', 'Chr3', 'Chr5', 'Chr7', 'Chr8', 'Chr10', 'Chr11', 'Chr12', 'Chr14', 'Chr18', 'Chr19', 'Chr21']","{'inversion': 1, 'nonreciprocal translocation': 1, 'tandem duplication': 1}",3,True,0,40147,9,"[('Chr2', 107236268, 'Chr2', 108032493), ('Chr2', 107236267, 'Chr2', 108032492)]",2,0,2,1645875,6.216396848572692,1,0,0,0,1,0,[653571],6,[],0
23X_Early_onset_Alzheimer_r1,7,1,['Chr11'],2,2,21224,"[14168, 7056]","['Chr1', 'Chr2', 'Chr3', 'Chr5', 'Chr7', 'Chr8', 'Chr10', 'Chr11', 'Chr12', 'Chr14', 'Chr18', 'Chr19', 'Chr21']",{'inversion': 1},1,True,0,7112,4,[],0,0,0,21220,4.326745379565322,0,0,0,0,0,0,[],2,[],0
23X_Early_onset_Alzheimer_r1,8,1,['Chr12'],2,2,627577,"[590663, 36914]","['Chr1', 'Chr2', 'Chr3', 'Chr5', 'Chr7', 'Chr8', 'Chr10', 'Chr11', 'Chr12', 'Chr14', 'Chr18', 'Chr19', 'Chr21']","{'tandem duplication': 1, 'deletion': 1}",2,True,0,553749,4,[],0,0,0,565585,5.752497882925312,1,0,0,0,1,0,[1491603],2,[],0
23X_Early_onset_Alzheimer_r1,9,1,['Chr13'],2,2,4450,"[2225, 2225]","['Chr1', 'Chr2', 'Chr3', 'Chr5', 'Chr7', 'Chr8', 'Chr10', 'Chr11', 'Chr12', 'Chr14', 'Chr18', 'Chr19', 'Chr21']",{},0,False,0,0,0,[],0,0,0,4450,3.6483600109809315,0,0,0,0,0,0,[],0,[],0
23X_STS_r1,0,1,['Chr4'],2,2,3980,"[1990, 1990]","['Chr1', 'Chr2', 'Chr3', 'Chr7', 'Chr9', 'Chr11', 'Chr12', 'Chr15', 'Chr16', 'Chr18', 'ChrX']",{},0,False,0,0,0,[],0,0,0,3980,3.5998830720736876,0,0,0,0,0,0,[],0,[],0
23X_STS_r1,1,1,['Chr5'],2,2,11088,"[5544, 5544]","['Chr1', 'Chr2', 'Chr3', 'Chr7', 'Chr9', 'Chr11', 'Chr12', 'Chr15', 'Chr16', 'Chr18', 'ChrX']",{},0,False,0,0,0,[],0,0,0,11088,4.044853217267732,0,0,0,0,0,0,[],0,[],0
23X_STS_r1,10,1,['Chr14'],2,2,20870,"[10435, 10435]","['Chr1', 'Chr2', 'Chr3', 'Chr7', 'Chr9', 'Chr11', 'Chr12', 'Chr15', 'Chr16', 'Chr18', 'ChrX']",{},0,False,0,0,0,[],0,0,0,20870,4.319522449065454,0,0,0,0,0,0,[],0,[],0
23X_STS_r1,11,1,['Chr15'],2,2,179365108,"[7465587, 171899521]","['Chr1', 'Chr2', 'Chr3', 'Chr7', 'Chr9', 'Chr11', 'Chr12', 'Chr15', 'Chr16', 'Chr18', 'ChrX']",{'tandem duplication': 1},1,True,0,298220,4,[],0,0,0,307578,5.487955268644695,1,0,0,0,1,0,[7143986],1,[],0
23X_STS_r1,12,1,['Chr16'],2,2,76806137,"[75718367, 1087770]","['Chr1', 'Chr2', 'Chr3', 'Chr7', 'Chr9', 'Chr11', 'Chr12', 'Chr15', 'Chr16', 'Chr18', 'ChrX']",{'arm deletion': 1},1,True,0,272103,2,[],0,0,0,280373,5.447736188625579,1,0,0,0,1,0,[51682892],1,[],0
23X_STS_r1,13,1,['Chr17'],2,2,2096,"[1048, 1048]","['Chr1', 'Chr2', 'Chr3', 'Chr7', 'Chr9', 'Chr11', 'Chr12', 'Chr15', 'Chr16', 'Chr18', 'ChrX']",{},0,False,0,0,0,[],0,0,0,2096,3.321391278311689,0,0,0,0,0,0,[],0,[],0
23X_STS_r1,14,2,"['Chr3', 'Chr18']",4,4,52982094,"[52954790, 27304]","['Chr1', 'Chr2', 'Chr3', 'Chr7', 'Chr9', 'Chr11', 'Chr12', 'Chr15', 'Chr16', 'Chr18', 'ChrX']","{'deletion': 1, 'balanced reciprocal translocation': 2}",3,True,0,127316,10,[],0,0,0,146956,5.167187322383424,1,0,0,0,1,0,[6425472],5,[],0
23X_STS_r1,15,1,['Chr19'],2,2,52935090,"[11883, 52923207]","['Chr1', 'Chr2', 'Chr3', 'Chr7', 'Chr9', 'Chr11', 'Chr12', 'Chr15', 'Chr16', 'Chr18', 'ChrX']",{},0,False,0,0,0,[],0,0,0,3800,3.57978359661681,0,0,0,0,0,0,[],0,[],0
23X_STS_r1,16,1,['Chr20'],2,2,3800,"[1900, 1900]","['Chr1', 'Chr2', 'Chr3', 'Chr7', 'Chr9', 'Chr11', 'Chr12', 'Chr15', 'Chr16', 'Chr18', 'ChrX']",{},0,False,0,0,0,[],0,0,0,896,2.9523080096621253,0,0,0,0,0,0,[],0,[],0
23X_STS_r1,17,1,['Chr21'],2,2,896,"[448, 448]","['Chr1', 'Chr2', 'Chr3', 'Chr7', 'Chr9', 'Chr11', 'Chr12', 'Chr15', 'Chr16', 'Chr18', 'ChrX']",{},0,False,0,0,0,[],0,0,0,5504,3.740678425227455,0,0,0,0,0,0,[],0,[],0
23X_STS_r1,18,1,['Chr22'],2,2,5504,"[2752, 2752]","['Chr1', 'Chr2', 'Chr3', 'Chr7', 'Chr9', 'Chr11', 'Chr12', 'Chr15', 'Chr16', 'Chr18', 'ChrX']",{},0,False,0,0,0,[],0,0,0,5760,3.760422483423212,0,0,0,0,0,0,[],0,[],0
23X_STS_r1,19,1,['ChrX'],2,2,5760,"[2880, 2880]","['Chr1', 'Chr2', 'Chr3', 'Chr7', 'Chr9', 'Chr11', 'Chr12', 'Chr15', 'Chr16', 'Chr18', 'ChrX']",{'deletion': 1},1,True,0,68187,2,[],0,0,0,81863,4.913087656013774,0,0,0,0,0,0,[],1,[],0
23X_STS_r1,2,1,['Chr6'],2,2,12162,"[6081, 6081]","['Chr1', 'Chr2', 'Chr3', 'Chr7', 'Chr9', 'Chr11', 'Chr12', 'Chr15', 'Chr16', 'Chr18', 'ChrX']",{},0,False,0,0,0,[],0,0,0,12162,4.085004999076652,0,0,0,0,0,0,[],0,[],0
23X_STS_r1,3,1,['Chr7'],2,2,17457776,"[17409325, 48451]","['Chr1', 'Chr2', 'Chr3', 'Chr7', 'Chr9', 'Chr11', 'Chr12', 'Chr15', 'Chr16', 'Chr18', 'ChrX']","{'arm deletion': 1, 'inversion': 1}",2,True,0,0,0,"[('Chr7', 10000, 'Chr7', 8095251), ('Chr7', 9999, 'Chr7', 8095250), ('Chr7', 60828234, 'Chr7', 159335973)]",3,1,4,17457772,7.241988817270627,1,1,0,0,1,1,[97220465],3,[],0
23X_STS_r1,4,1,['Chr8'],2,2,5020,"[2510, 2510]","['Chr1', 'Chr2', 'Chr3', 'Chr7', 'Chr9', 'Chr11', 'Chr12', 'Chr15', 'Chr16', 'Chr18', 'ChrX']",{},0,False,0,0,0,[],0,0,0,5020,3.7007037171450192,0,0,0,0,0,0,[],0,[],0
23X_STS_r1,5,1,['Chr9'],2,2,172664,"[145957, 26707]","['Chr1', 'Chr2', 'Chr3', 'Chr7', 'Chr9', 'Chr11', 'Chr12', 'Chr15', 'Chr16', 'Chr18', 'ChrX']","{'left duplication inversion': 1, 'inversion': 1}",2,True,0,120087,9,[],0,0,0,121680,5.085219201044942,1,0,0,0,0,0,[105065],3,[],0
23X_STS_r1,6,1,['Chr10'],2,2,4310,"[2155, 2155]","['Chr1', 'Chr2', 'Chr3', 'Chr7', 'Chr9', 'Chr11', 'Chr12', 'Chr15', 'Chr16', 'Chr18', 'ChrX']",{},0,False,0,0,0,[],0,0,0,4310,3.6344772701607315,0,0,0,0,0,0,[],0,[],0
23X_STS_r1,7,2,"['Chr2', 'Chr11']",4,4,19245664,"[33705, 29337, 9740925, 9441697]","['Chr1', 'Chr2', 'Chr3', 'Chr7', 'Chr9', 'Chr11', 'Chr12', 'Chr15', 'Chr16', 'Chr18', 'ChrX']","{'nonreciprocal translocation': 1, 'deletion': 2, 'right duplication inversion': 1}",4,True,0,329033,16,[],0,0,0,356650,5.552242228356702,1,0,0,0,0,0,[169784],6,[],0
23X_STS_r1,8,2,"['Chr1', 'Chr12']",4,4,17707881,"[7404345, 72926, 10175819, 54791]","['Chr1', 'Chr2', 'Chr3', 'Chr7', 'Chr9', 'Chr11', 'Chr12', 'Chr15', 'Chr16', 'Chr18', 'ChrX']","{'left duplication inversion': 1, 'nonreciprocal translocation': 1, 'tandem duplication': 1}",3,True,0,297787,15,"[('Chr12', 75184891, 'Chr12', 77194082), ('Chr1', 32905030, 'Chr12', 75184892), ('Chr12', 67943366, 'Chr12', 76109740)]",3,2,5,16998964,7.230422454155132,3,0,1,1,2,0,"[60792, 8522481, -1]",6,"[('Chr1', 32821140, 'Chr12', 75189552), ('Chr12', 67937580, 'Chr12', 76108662)]",2
23X_STS_r1,9,1,['Chr13'],2,2,4450,"[2225, 2225]","['Chr1', 'Chr2', 'Chr3', 'Chr7', 'Chr9', 'Chr11', 'Chr12', 'Chr15', 'Chr16', 'Chr18', 'ChrX']",{},0,False,0,0,0,[],0,0,0,4450,3.6483600109809315,0,0,0,0,0,0,[],0,[],0
23X_STS_r2,0,1,['Chr1'],2,2,20238,"[17150, 3088]","['Chr1', 'Chr2', 'Chr3', 'Chr5', 'Chr6', 'Chr7', 'Chr8', 'Chr9', 'Chr10', 'Chr12', 'Chr13', 'Chr20', 'ChrX']",{'inversion': 1},1,True,0,14062,4,[],0,0,0,20234,4.306081745657977,0,0,0,0,0,0,[],2,[],0
23X_STS_r2,1,1,['Chr3'],2,2,32264,"[27302, 4962]","['Chr1', 'Chr2', 'Chr3', 'Chr5', 'Chr6', 'Chr7', 'Chr8', 'Chr9', 'Chr10', 'Chr12', 'Chr13', 'Chr20', 'ChrX']",{'balanced reciprocal translocation': 2},2,True,0,22340,8,[],0,0,0,9924,3.9966867556001713,0,0,0,0,0,0,[],4,[],0
23X_STS_r2,10,1,['Chr14'],2,2,20870,"[10435, 10435]","['Chr1', 'Chr2', 'Chr3', 'Chr5', 'Chr6', 'Chr7', 'Chr8', 'Chr9', 'Chr10', 'Chr12', 'Chr13', 'Chr20', 'ChrX']",{},0,False,0,0,0,[],0,0,0,20870,4.319522449065454,0,0,0,0,0,0,[],0,[],0
23X_STS_r2,11,1,['Chr15'],2,2,9358,"[4679, 4679]","['Chr1', 'Chr2', 'Chr3', 'Chr5', 'Chr6', 'Chr7', 'Chr8', 'Chr9', 'Chr10', 'Chr12', 'Chr13', 'Chr20', 'ChrX']",{},0,False,0,0,0,[],0,0,0,9358,3.9711830408561615,0,0,0,0,0,0,[],0,[],0
23X_STS_r2,12,1,['Chr16'],2,2,7186,"[3593, 3593]","['Chr1', 'Chr2', 'Chr3', 'Chr5', 'Chr6', 'Chr7', 'Chr8', 'Chr9', 'Chr10', 'Chr12', 'Chr13', 'Chr20', 'ChrX']",{},0,False,0,0,0,[],0,0,0,7186,3.8564872128686307,0,0,0,0,0,0,[],0,[],0
23X_STS_r2,13,1,['Chr17'],2,2,2096,"[1048, 1048]","['Chr1', 'Chr2', 'Chr3', 'Chr5', 'Chr6', 'Chr7', 'Chr8', 'Chr9', 'Chr10', 'Chr12', 'Chr13', 'Chr20', 'ChrX']",{},0,False,0,0,0,[],0,0,0,2096,3.321391278311689,0,0,0,0,0,0,[],0,[],0
23X_STS_r2,14,1,['Chr18'],2,2,13820,"[6910, 6910]","['Chr1', 'Chr2', 'Chr3', 'Chr5', 'Chr6', 'Chr7', 'Chr8', 'Chr9', 'Chr10', 'Chr12', 'Chr13', 'Chr20', 'ChrX']",{},0,False,0,0,0,[],0,0,0,13820,4.14050804303818,0,0,0,0,0,0,[],0,[],0
23X_STS_r2,15,1,['Chr19'],2,2,3800,"[1900, 1900]","['Chr1', 'Chr2', 'Chr3', 'Chr5', 'Chr6', 'Chr7', 'Chr8', 'Chr9', 'Chr10', 'Chr12', 'Chr13', 'Chr20', 'ChrX']",{},0,False,0,0,0,[],0,0,0,3800,3.57978359661681,0,0,0,0,0,0,[],0,[],0
23X_STS_r2,16,1,['Chr20'],2,2,293003,"[263857, 29146]","['Chr1', 'Chr2', 'Chr3', 'Chr5', 'Chr6', 'Chr7', 'Chr8', 'Chr9', 'Chr10', 'Chr12', 'Chr13', 'Chr20', 'ChrX']",{'tandem duplication': 1},1,True,0,234711,2,[],0,0,0,255923,5.408109318025603,0,0,0,0,0,0,[],1,[],0
23X_STS_r2,17,1,['Chr21'],2,2,5504,"[2752, 2752]","['Chr1', 'Chr2', 'Chr3', 'Chr5', 'Chr6', 'Chr7', 'Chr8', 'Chr9', 'Chr10', 'Chr12', 'Chr13', 'Chr20', 'ChrX']",{},0,False,0,0,0,[],0,0,0,5504,3.740678425227455,0,0,0,0,0,0,[],0,[],0
23X_STS_r2,18,1,['Chr22'],2,2,5760,"[2880, 2880]","['Chr1', 'Chr2', 'Chr3', 'Chr5', 'Chr6', 'Chr7', 'Chr8', 'Chr9', 'Chr10', 'Chr12', 'Chr13', 'Chr20', 'ChrX']",{},0,False,0,0,0,[],0,0,0,5760,3.760422483423212,0,0,0,0,0,0,[],0,[],0
23X_STS_r2,19,1,['ChrX'],2,2,161963,"[129598, 32365]","['Chr1', 'Chr2', 'Chr3', 'Chr5', 'Chr6', 'Chr7', 'Chr8', 'Chr9', 'Chr10', 'Chr12', 'Chr13', 'Chr20', 'ChrX']",{'deletion': 1},1,True,0,97233,2,[],0,0,0,110909,5.044966789537294,0,0,0,0,0,0,[],1,[],0
23X_STS_r2,2,1,['Chr4'],2,2,3980,"[1990, 1990]","['Chr1', 'Chr2', 'Chr3', 'Chr5', 'Chr6', 'Chr7', 'Chr8', 'Chr9', 'Chr10', 'Chr12', 'Chr13', 'Chr20', 'ChrX']",{},0,False,0,0,0,[],0,0,0,3980,3.5998830720736876,0,0,0,0,0,0,[],0,[],0
23X_STS_r2,3,2,"['Chr2', 'Chr5']",4,5,10337022,"[5185137, 15432, 95405, 45277, 4995771]","['Chr1', 'Chr2', 'Chr3', 'Chr5', 'Chr6', 'Chr7', 'Chr8', 'Chr9', 'Chr10', 'Chr12', 'Chr13', 'Chr20', 'ChrX']","{'balanced reciprocal translocation': 4, 'tandem duplication': 1, 'right duplication inversion': 1}",6,True,1,60574,19,"[('Chr2', 242183528, 'Chr2', 237037276)]",1,0,1,252916,5.402976304599093,0,0,0,0,0,0,[],9,[],0
23X_STS_r2,4,1,['Chr6'],1,1,864921,[864921],"['Chr1', 'Chr2', 'Chr3', 'Chr5', 'Chr6', 'Chr7', 'Chr8', 'Chr9', 'Chr10', 'Chr12', 'Chr13', 'Chr20', 'ChrX']",{'chromosomal deletion': 1},1,True,0,6037,1,[],0,1,1,864920,5.93697593964367,0,0,0,0,0,0,[],0,[],0
23X_STS_r2,5,1,['Chr8'],2,3,16057728,"[9122593, 25359, 6909776]","['Chr1', 'Chr2', 'Chr3', 'Chr5', 'Chr6', 'Chr7', 'Chr8', 'Chr9', 'Chr10', 'Chr12', 'Chr13', 'Chr20', 'ChrX']",{'left duplication inversion': 1},1,True,1,38318,2,"[('Chr8', 59999, 'Chr8', 9157233)]",1,0,1,16053952,7.205581960137808,0,0,0,0,0,0,[],1,[],0
23X_STS_r2,6,1,['Chr9'],2,2,190409882,"[190374648, 35234]","['Chr1', 'Chr2', 'Chr3', 'Chr5', 'Chr6', 'Chr7', 'Chr8', 'Chr9', 'Chr10', 'Chr12', 'Chr13', 'Chr20', 'ChrX']",{'arm deletion': 1},1,True,0,298754,3,[],0,0,0,299260,5.476048671600609,1,0,0,0,1,0,[43014853],1,[],0
23X_STS_r2,7,1,['Chr11'],2,2,14112,"[7056, 7056]","['Chr1', 'Chr2', 'Chr3', 'Chr5', 'Chr6', 'Chr7', 'Chr8', 'Chr9', 'Chr10', 'Chr12', 'Chr13', 'Chr20', 'ChrX']",{},0,False,0,0,0,[],0,0,0,14112,4.149588567787744,0,0,0,0,0,0,[],0,[],0
23X_STS_r2,8,2,"['Chr10', 'Chr12']",4,4,61673848,"[30459649, 22840, 3138974, 28052385]","['Chr1', 'Chr2', 'Chr3', 'Chr5', 'Chr6', 'Chr7', 'Chr8', 'Chr9', 'Chr10', 'Chr12', 'Chr13', 'Chr20', 'ChrX']","{'nonreciprocal translocation': 2, 'right duplication inversion': 1, 'deletion': 1}",4,True,0,50657,16,"[('Chr10', 131415254, 'Chr10', 133787422)]",1,0,1,2405815,6.381262228337077,1,0,0,0,1,0,[3120124],8,[],0
23X_STS_r2,9,2,"['Chr7', 'Chr13']",4,4,177339696,"[88676655, 988, 9437, 88652616]","['Chr1', 'Chr2', 'Chr3', 'Chr5', 'Chr6', 'Chr7', 'Chr8', 'Chr9', 'Chr10', 'Chr12', 'Chr13', 'Chr20', 'ChrX']",{'nonreciprocal translocation': 1},1,True,0,38538,7,[],0,0,0,6426,3.807940721215499,0,0,0,0,0,0,[],3,[],0
23X_Xp11_22_Microduplication_r2,0,1,['Chr2'],2,2,4342,"[2171, 2171]","['Chr1', 'Chr3', 'Chr4', 'Chr8', 'Chr9', 'Chr10', 'Chr11', 'Chr12', 'Chr13', 'Chr14', 'Chr15', 'Chr17', 'Chr20', 'ChrX']",{},0,False,0,0,0,[],0,0,0,4342,3.637689819118401,0,0,0,0,0,0,[],0,[],0
23X_Xp11_22_Microduplication_r2,1,1,['Chr5'],2,2,11088,"[5544, 5544]","['Chr1', 'Chr3', 'Chr4', 'Chr8', 'Chr9', 'Chr10', 'Chr11', 'Chr12', 'Chr13', 'Chr14', 'Chr15', 'Chr17', 'Chr20', 'ChrX']",{},0,False,0,0,0,[],0,0,0,11088,4.044853217267732,0,0,0,0,0,0,[],0,[],0
23X_Xp11_22_Microduplication_r2,10,1,['Chr16'],2,2,161972318,"[161951914, 20404]","['Chr1', 'Chr3', 'Chr4', 'Chr8', 'Chr9', 'Chr10', 'Chr11', 'Chr12', 'Chr13', 'Chr14', 'Chr15', 'Chr17', 'Chr20', 'ChrX']",{},0,False,0,0,0,[],0,0,0,7186,3.8564872128686307,0,0,0,0,0,0,[],0,[],0
23X_Xp11_22_Microduplication_r2,11,5,"['Chr1', 'Chr3', 'Chr4', 'Chr9', 'Chr17']",10,10,7186,"[3593, 3593]","['Chr1', 'Chr3', 'Chr4', 'Chr8', 'Chr9', 'Chr10', 'Chr11', 'Chr12', 'Chr13', 'Chr14', 'Chr15', 'Chr17', 'Chr20', 'ChrX']","{'balanced reciprocal translocation': 6, 'nonreciprocal translocation': 2, 'inversion': 1}",9,True,0,112456,38,"[('Chr4', 29829703, 'Chr4', 30373113), ('Chr4', 29829702, 'Chr4', 30373112)]",2,0,2,1109498,6.045126523702099,2,0,0,0,2,0,"[1303813, 878081]",20,[],0
23X_Xp11_22_Microduplication_r2,12,1,['Chr18'],2,2,759362242,"[76784038, 223558724, 14345, 140467547, 231727618, 1990, 58693556, 252, 19311, 28094861]","['Chr1', 'Chr3', 'Chr4', 'Chr8', 'Chr9', 'Chr10', 'Chr11', 'Chr12', 'Chr13', 'Chr14', 'Chr15', 'Chr17', 'Chr20', 'ChrX']",{},0,False,0,0,0,[],0,0,0,13820,4.14050804303818,0,0,0,0,0,0,[],0,[],0
23X_Xp11_22_Microduplication_r2,13,1,['Chr19'],2,2,13820,"[6910, 6910]","['Chr1', 'Chr3', 'Chr4', 'Chr8', 'Chr9', 'Chr10', 'Chr11', 'Chr12', 'Chr13', 'Chr14', 'Chr15', 'Chr17', 'Chr20', 'ChrX']",{},0,False,0,0,0,[],0,0,0,3800,3.57978359661681,0,0,0,0,0,0,[],0,[],0
23X_Xp11_22_Microduplication_r2,14,1,['Chr20'],2,2,3800,"[1900, 1900]","['Chr1', 'Chr3', 'Chr4', 'Chr8', 'Chr9', 'Chr10', 'Chr11', 'Chr12', 'Chr13', 'Chr14', 'Chr15', 'Chr17', 'Chr20', 'ChrX']",{'inversion': 1},1,True,0,0,0,"[('Chr20', 5815948, 'Chr20', 6379374), ('Chr20', 5815947, 'Chr20', 6379373)]",2,0,2,1127746,6.052211295374263,0,0,0,0,0,0,[],2,[],0
23X_Xp11_22_Microduplication_r2,15,1,['Chr21'],2,2,1127748,"[1127300, 448]","['Chr1', 'Chr3', 'Chr4', 'Chr8', 'Chr9', 'Chr10', 'Chr11', 'Chr12', 'Chr13', 'Chr14', 'Chr15', 'Chr17', 'Chr20', 'ChrX']",{},0,False,0,0,0,[],0,0,0,5504,3.740678425227455,0,0,0,0,0,0,[],0,[],0
23X_Xp11_22_Microduplication_r2,16,1,['Chr22'],2,2,5504,"[2752, 2752]","['Chr1', 'Chr3', 'Chr4', 'Chr8', 'Chr9', 'Chr10', 'Chr11', 'Chr12', 'Chr13', 'Chr14', 'Chr15', 'Chr17', 'Chr20', 'ChrX']",{},0,False,0,0,0,[],0,0,0,5760,3.760422483423212,0,0,0,0,0,0,[],0,[],0
23X_Xp11_22_Microduplication_r2,17,1,['ChrX'],2,2,5760,"[2880, 2880]","['Chr1', 'Chr3', 'Chr4', 'Chr8', 'Chr9', 'Chr10', 'Chr11', 'Chr12', 'Chr13', 'Chr14', 'Chr15', 'Chr17', 'Chr20', 'ChrX']",{'tandem duplication': 1},1,True,0,49961,2,[],0,0,0,63637,4.803709697779136,1,0,0,0,1,0,[3859632],1,[],0
23X_Xp11_22_Microduplication_r2,2,1,['Chr6'],2,2,12162,"[6081, 6081]","['Chr1', 'Chr3', 'Chr4', 'Chr8', 'Chr9', 'Chr10', 'Chr11', 'Chr12', 'Chr13', 'Chr14', 'Chr15', 'Chr17', 'Chr20', 'ChrX']",{},0,False,0,0,0,[],0,0,0,12162,4.085004999076652,0,0,0,0,0,0,[],0,[],0
23X_Xp11_22_Microduplication_r2,3,1,['Chr7'],2,2,1976,"[988, 988]","['Chr1', 'Chr3', 'Chr4', 'Chr8', 'Chr9', 'Chr10', 'Chr11', 'Chr12', 'Chr13', 'Chr14', 'Chr15', 'Chr17', 'Chr20', 'ChrX']",{},0,False,0,0,0,[],0,0,0,1976,3.295786940251609,0,0,0,0,0,0,[],0,[],0
23X_Xp11_22_Microduplication_r2,4,1,['Chr8'],2,2,288951930,"[145018636, 143933294]","['Chr1', 'Chr3', 'Chr4', 'Chr8', 'Chr9', 'Chr10', 'Chr11', 'Chr12', 'Chr13', 'Chr14', 'Chr15', 'Chr17', 'Chr20', 'ChrX']",{'inversion': 1},1,True,0,7838,2,"[('Chr8', 143996112, 'Chr8', 145078636)]",1,0,1,15672,4.19512442298668,0,0,0,0,0,0,[],2,"[('Chr8', 143990783, 'Chr8', 145076125)]",1
23X_Xp11_22_Microduplication_r2,5,1,['Chr11'],2,2,20550,"[13494, 7056]","['Chr1', 'Chr3', 'Chr4', 'Chr8', 'Chr9', 'Chr10', 'Chr11', 'Chr12', 'Chr13', 'Chr14', 'Chr15', 'Chr17', 'Chr20', 'ChrX']",{'inversion': 1},1,True,0,6438,4,[],0,0,0,20546,4.312727283778123,0,0,0,0,0,0,[],2,[],0
23X_Xp11_22_Microduplication_r2,6,2,"['Chr10', 'Chr12']",4,4,123009511,"[123007356, 2155]","['Chr1', 'Chr3', 'Chr4', 'Chr8', 'Chr9', 'Chr10', 'Chr11', 'Chr12', 'Chr13', 'Chr14', 'Chr15', 'Chr17', 'Chr20', 'ChrX']","{'deletion': 1, 'balanced reciprocal translocation': 2, 'inversion': 1}",4,True,0,164983,10,"[('Chr12', 10000, 'Chr12', 1011700), ('Chr12', 9999, 'Chr12', 1011699)]",2,0,2,2152647,6.332972818248337,0,0,0,0,0,0,[],7,[],0
23X_Xp11_22_Microduplication_r2,7,1,['Chr13'],2,2,127542074,"[3200664, 124341410]","['Chr1', 'Chr3', 'Chr4', 'Chr8', 'Chr9', 'Chr10', 'Chr11', 'Chr12', 'Chr13', 'Chr14', 'Chr15', 'Chr17', 'Chr20', 'ChrX']",{'right duplication inversion': 1},1,True,0,179704,7,[],0,0,0,184149,5.265169364811018,1,0,0,0,0,0,[165689],1,[],0
23X_Xp11_22_Microduplication_r2,8,1,['Chr14'],2,2,189446269,"[189436406, 9863]","['Chr1', 'Chr3', 'Chr4', 'Chr8', 'Chr9', 'Chr10', 'Chr11', 'Chr12', 'Chr13', 'Chr14', 'Chr15', 'Chr17', 'Chr20', 'ChrX']",{'right duplication inversion': 1},1,True,0,2,2,"[('Chr14', 46822181, 'Chr14', 48281803)]",1,1,2,2657805,6.4245231141046055,1,0,0,0,1,0,[1177318],1,"[('Chr14', 46823219, 'Chr14', 48283965)]",1
23X_Xp11_22_Microduplication_r2,9,1,['Chr15'],2,2,177161437,"[177126620, 34817]","['Chr1', 'Chr3', 'Chr4', 'Chr8', 'Chr9', 'Chr10', 'Chr11', 'Chr12', 'Chr13', 'Chr14', 'Chr15', 'Chr17', 'Chr20', 'ChrX']",{'deletion': 1},1,True,0,117744,4,[],0,0,0,127102,5.104152384402395,0,0,0,0,0,0,[],1,[],0
23Y_12q14_recurrent_microdeletion_r2,0,1,['Chr4'],2,2,62648350,"[59836881, 2811469]","['Chr1', 'Chr2', 'Chr3', 'Chr4', 'Chr5', 'Chr6', 'Chr7', 'Chr10', 'Chr11', 'Chr12', 'Chr14', 'Chr18', 'Chr22']",{'left duplication inversion': 1},1,True,0,0,0,"[('Chr4', 91598613, 'Chr4', 92358276)]",1,1,2,1446482,6.160313033663702,1,0,0,0,1,0,[676868],1,[],0
23Y_12q14_recurrent_microdeletion_r2,1,1,['Chr6'],2,2,1468610,"[775702, 692908]","['Chr1', 'Chr2', 'Chr3', 'Chr4', 'Chr5', 'Chr6', 'Chr7', 'Chr10', 'Chr11', 'Chr12', 'Chr14', 'Chr18', 'Chr22']","{'right duplication inversion': 1, 'inversion': 1}",2,True,0,0,0,"[('Chr6', 60000, 'Chr6', 804076), ('Chr6', 678167, 'Chr6', 60000), ('Chr6', 59999, 'Chr6', 804075)]",3,0,3,882143,5.945538992248531,0,0,0,0,0,0,[],3,[],0
23Y_12q14_recurrent_microdeletion_r2,10,1,['Chr15'],2,2,46896654,"[46867865, 28789]","['Chr1', 'Chr2', 'Chr3', 'Chr4', 'Chr5', 'Chr6', 'Chr7', 'Chr10', 'Chr11', 'Chr12', 'Chr14', 'Chr18', 'Chr22']",{},0,False,0,0,0,[],0,0,0,9358,3.9711830408561615,0,0,0,0,0,0,[],0,[],0
23Y_12q14_recurrent_microdeletion_r2,11,1,['Chr16'],2,2,45472043,"[15450, 45456593]","['Chr1', 'Chr2', 'Chr3', 'Chr4', 'Chr5', 'Chr6', 'Chr7', 'Chr10', 'Chr11', 'Chr12', 'Chr14', 'Chr18', 'Chr22']",{},0,False,0,0,0,[],0,0,0,7186,3.8564872128686307,0,0,0,0,0,0,[],0,[],0
23Y_12q14_recurrent_microdeletion_r2,12,1,['Chr17'],2,2,9358,"[4679, 4679]","['Chr1', 'Chr2', 'Chr3', 'Chr4', 'Chr5', 'Chr6', 'Chr7', 'Chr10', 'Chr11', 'Chr12', 'Chr14', 'Chr18', 'Chr22']",{},0,False,0,0,0,[],0,0,0,2096,3.321391278311689,0,0,0,0,0,0,[],0,[],0
23Y_12q14_recurrent_microdeletion_r2,13,1,['Chr18'],2,2,7186,"[3593, 3593]","['Chr1', 'Chr2', 'Chr3', 'Chr4', 'Chr5', 'Chr6', 'Chr7', 'Chr10', 'Chr11', 'Chr12', 'Chr14', 'Chr18', 'Chr22']",{'left duplication inversion': 1},1,True,0,35056,5,[],0,0,0,68916,4.838320062328791,0,0,0,0,0,0,[],1,[],0
23Y_12q14_recurrent_microdeletion_r2,14,1,['Chr19'],2,2,2096,"[1048, 1048]","['Chr1', 'Chr2', 'Chr3', 'Chr4', 'Chr5', 'Chr6', 'Chr7', 'Chr10', 'Chr11', 'Chr12', 'Chr14', 'Chr18', 'Chr22']",{},0,False,0,0,0,[],0,0,0,3800,3.57978359661681,0,0,0,0,0,0,[],0,[],0
23Y_12q14_recurrent_microdeletion_r2,15,1,['Chr20'],2,2,102786,"[58698, 44088]","['Chr1', 'Chr2', 'Chr3', 'Chr4', 'Chr5', 'Chr6', 'Chr7', 'Chr10', 'Chr11', 'Chr12', 'Chr14', 'Chr18', 'Chr22']",{},0,False,0,0,0,[],0,0,0,896,2.9523080096621253,0,0,0,0,0,0,[],0,[],0
23Y_12q14_recurrent_microdeletion_r2,16,1,['Chr21'],2,2,3800,"[1900, 1900]","['Chr1', 'Chr2', 'Chr3', 'Chr4', 'Chr5', 'Chr6', 'Chr7', 'Chr10', 'Chr11', 'Chr12', 'Chr14', 'Chr18', 'Chr22']",{},0,False,0,0,0,[],0,0,0,5504,3.740678425227455,0,0,0,0,0,0,[],0,[],0
23Y_12q14_recurrent_microdeletion_r2,17,1,['Chr22'],2,2,896,"[448, 448]","['Chr1', 'Chr2', 'Chr3', 'Chr4', 'Chr5', 'Chr6', 'Chr7', 'Chr10', 'Chr11', 'Chr12', 'Chr14', 'Chr18', 'Chr22']",{'inversion': 1},1,True,0,1424,4,[],0,0,0,7180,3.8561244442423,0,0,0,0,0,0,[],2,[],0
23Y_12q14_recurrent_microdeletion_r2,18,1,['ChrX'],1,1,5504,"[2752, 2752]","['Chr1', 'Chr2', 'Chr3', 'Chr4', 'Chr5', 'Chr6', 'Chr7', 'Chr10', 'Chr11', 'Chr12', 'Chr14', 'Chr18', 'Chr22']",{},0,False,0,0,0,[],0,0,0,5282,3.722798396870905,0,0,0,0,0,0,[],0,[],0
23Y_12q14_recurrent_microdeletion_r2,19,1,['ChrY'],1,1,7184,"[4304, 2880]","['Chr1', 'Chr2', 'Chr3', 'Chr4', 'Chr5', 'Chr6', 'Chr7', 'Chr10', 'Chr11', 'Chr12', 'Chr14', 'Chr18', 'Chr22']",{},0,False,0,0,0,[],0,0,0,5282,3.722798396870905,0,0,0,0,0,0,[],0,[],0
23Y_12q14_recurrent_microdeletion_r2,2,2,"['Chr5', 'Chr7']",4,4,882147,"[876066, 6081]","['Chr1', 'Chr2', 'Chr3', 'Chr4', 'Chr5', 'Chr6', 'Chr7', 'Chr10', 'Chr11', 'Chr12', 'Chr14', 'Chr18', 'Chr22']","{'nonreciprocal translocation': 1, 'left duplication inversion': 1}",2,True,0,14494,7,"[('Chr5', 23919626, 'Chr5', 25169895)]",1,1,2,2288127,6.359480125832745,2,0,0,0,2,0,"[1006169, 1476602]",4,"[('Chr5', 23917829, 'Chr5', 25168765)]",1
23Y_12q14_recurrent_microdeletion_r2,3,1,['Chr8'],2,2,301387370,"[151083356, 32998, 1482970, 148788046]","['Chr1', 'Chr2', 'Chr3', 'Chr4', 'Chr5', 'Chr6', 'Chr7', 'Chr10', 'Chr11', 'Chr12', 'Chr14', 'Chr18', 'Chr22']",{},0,False,0,0,0,[],0,0,0,5020,3.7007037171450192,0,0,0,0,0,0,[],0,[],0
23Y_12q14_recurrent_microdeletion_r2,4,1,['Chr9'],2,2,5020,"[2510, 2510]","['Chr1', 'Chr2', 'Chr3', 'Chr4', 'Chr5', 'Chr6', 'Chr7', 'Chr10', 'Chr11', 'Chr12', 'Chr14', 'Chr18', 'Chr22']",{},0,False,0,0,0,[],0,0,0,504,2.7024305364455254,0,0,0,0,0,0,[],0,[],0
23Y_12q14_recurrent_microdeletion_r2,5,1,['Chr10'],2,2,504,"[252, 252]","['Chr1', 'Chr2', 'Chr3', 'Chr4', 'Chr5', 'Chr6', 'Chr7', 'Chr10', 'Chr11', 'Chr12', 'Chr14', 'Chr18', 'Chr22']",{'inversion': 1},1,True,0,0,0,"[('Chr10', 131939289, 'Chr10', 133787422), ('Chr10', 131939288, 'Chr10', 133787421)]",2,0,2,3696262,6.567762747483535,0,0,0,0,0,0,[],2,[],0
23Y_12q14_recurrent_microdeletion_r2,6,1,['Chr11'],2,2,3696266,"[3694111, 2155]","['Chr1', 'Chr2', 'Chr3', 'Chr4', 'Chr5', 'Chr6', 'Chr7', 'Chr10', 'Chr11', 'Chr12', 'Chr14', 'Chr18', 'Chr22']",{'tandem duplication': 1},1,True,0,107560,2,[],0,0,0,122590,5.0884550450441655,0,0,0,0,0,0,[],1,[],0
23Y_12q14_recurrent_microdeletion_r2,7,3,"['Chr1', 'Chr2', 'Chr12']",6,6,173402,"[140481, 32921]","['Chr1', 'Chr2', 'Chr3', 'Chr4', 'Chr5', 'Chr6', 'Chr7', 'Chr10', 'Chr11', 'Chr12', 'Chr14', 'Chr18', 'Chr22']","{'deletion': 1, 'inversion': 1, 'balanced reciprocal translocation': 4, 'tandem duplication': 1}",7,True,0,118147,24,[],0,0,0,126061,5.1005807479169905,0,0,0,0,0,0,[],12,[],0
23Y_12q14_recurrent_microdeletion_r2,8,1,['Chr13'],2,2,57241317,"[57089264, 19591, 96022, 36440]","['Chr1', 'Chr2', 'Chr3', 'Chr4', 'Chr5', 'Chr6', 'Chr7', 'Chr10', 'Chr11', 'Chr12', 'Chr14', 'Chr18', 'Chr22']",{},0,False,0,0,0,[],0,0,0,4450,3.6483600109809315,0,0,0,0,0,0,[],0,[],0
23Y_12q14_recurrent_microdeletion_r2,9,2,"['Chr3', 'Chr14']",4,4,4450,"[2225, 2225]","['Chr1', 'Chr2', 'Chr3', 'Chr4', 'Chr5', 'Chr6', 'Chr7', 'Chr10', 'Chr11', 'Chr12', 'Chr14', 'Chr18', 'Chr22']","{'balanced reciprocal translocation': 2, 'left duplication inversion': 1}",3,True,0,10030,8,"[('Chr3', 84012371, 'Chr3', 84795930)]",1,1,2,1432863,6.156204668284064,1,0,0,0,1,0,[612673],5,[],0
23Y_1q21_recurrent_microdeletion_r2,0,1,['Chr4'],2,2,81217,"[63396, 17821]","['Chr1', 'Chr2', 'Chr3', 'Chr4', 'Chr6', 'Chr8', 'Chr9', 'Chr11', 'Chr12', 'Chr13', 'Chr15', 'Chr16', 'Chr17']",{'deletion': 1},1,True,0,45575,2,[],0,0,0,55529,4.744519852503858,0,0,0,0,0,0,[],1,[],0
23Y_1q21_recurrent_microdeletion_r2,1,1,['Chr5'],2,2,11088,"[5544, 5544]","['Chr1', 'Chr2', 'Chr3', 'Chr4', 'Chr6', 'Chr8', 'Chr9', 'Chr11', 'Chr12', 'Chr13', 'Chr15', 'Chr16', 'Chr17']",{},0,False,0,0,0,[],0,0,0,11088,4.044853217267732,0,0,0,0,0,0,[],0,[],0
23Y_1q21_recurrent_microdeletion_r2,10,1,['Chr15'],2,2,19628,"[14949, 4679]","['Chr1', 'Chr2', 'Chr3', 'Chr4', 'Chr6', 'Chr8', 'Chr9', 'Chr11', 'Chr12', 'Chr13', 'Chr15', 'Chr16', 'Chr17']",{'inversion': 1},1,True,0,10270,4,[],0,0,0,19624,4.292787535198329,0,0,0,0,0,0,[],2,[],0
23Y_1q21_recurrent_microdeletion_r2,11,1,['Chr16'],2,2,1585559,"[1581966, 3593]","['Chr1', 'Chr2', 'Chr3', 'Chr4', 'Chr6', 'Chr8', 'Chr9', 'Chr11', 'Chr12', 'Chr13', 'Chr15', 'Chr16', 'Chr17']",{'tandem duplication': 1},1,True,0,0,0,"[('Chr16', 1588372, 'Chr16', 10000)]",1,0,1,1585559,6.200182407131125,0,0,0,0,0,0,[],1,[],0
23Y_1q21_recurrent_microdeletion_r2,12,1,['Chr17'],2,2,185959,"[147571, 38388]","['Chr1', 'Chr2', 'Chr3', 'Chr4', 'Chr6', 'Chr8', 'Chr9', 'Chr11', 'Chr12', 'Chr13', 'Chr15', 'Chr16', 'Chr17']",{'tandem duplication': 1},1,True,0,109183,2,[],0,0,0,124589,5.095479700026307,0,0,0,0,0,0,[],1,[],0
23Y_1q21_recurrent_microdeletion_r2,13,1,['Chr18'],2,2,13820,"[6910, 6910]","['Chr1', 'Chr2', 'Chr3', 'Chr4', 'Chr6', 'Chr8', 'Chr9', 'Chr11', 'Chr12', 'Chr13', 'Chr15', 'Chr16', 'Chr17']",{},0,False,0,0,0,[],0,0,0,13820,4.14050804303818,0,0,0,0,0,0,[],0,[],0
23Y_1q21_recurrent_microdeletion_r2,14,1,['Chr19'],2,2,3800,"[1900, 1900]","['Chr1', 'Chr2', 'Chr3', 'Chr4', 'Chr6', 'Chr8', 'Chr9', 'Chr11', 'Chr12', 'Chr13', 'Chr15', 'Chr16', 'Chr17']",{},0,False,0,0,0,[],0,0,0,3800,3.57978359661681,0,0,0,0,0,0,[],0,[],0
23Y_1q21_recurrent_microdeletion_r2,15,1,['Chr20'],2,2,896,"[448, 448]","['Chr1', 'Chr2', 'Chr3', 'Chr4', 'Chr6', 'Chr8', 'Chr9', 'Chr11', 'Chr12', 'Chr13', 'Chr15', 'Chr16', 'Chr17']",{},0,False,0,0,0,[],0,0,0,896,2.9523080096621253,0,0,0,0,0,0,[],0,[],0
23Y_1q21_recurrent_microdeletion_r2,16,1,['Chr21'],2,2,5504,"[2752, 2752]","['Chr1', 'Chr2', 'Chr3', 'Chr4', 'Chr6', 'Chr8', 'Chr9', 'Chr11', 'Chr12', 'Chr13', 'Chr15', 'Chr16', 'Chr17']",{},0,False,0,0,0,[],0,0,0,5504,3.740678425227455,0,0,0,0,0,0,[],0,[],0
23Y_1q21_recurrent_microdeletion_r2,17,1,['Chr22'],2,2,5760,"[2880, 2880]","['Chr1', 'Chr2', 'Chr3', 'Chr4', 'Chr6', 'Chr8', 'Chr9', 'Chr11', 'Chr12', 'Chr13', 'Chr15', 'Chr16', 'Chr17']",{},0,False,0,0,0,[],0,0,0,5760,3.760422483423212,0,0,0,0,0,0,[],0,[],0
23Y_1q21_recurrent_microdeletion_r2,18,1,['ChrX'],1,1,5282,[5282],"['Chr1', 'Chr2', 'Chr3', 'Chr4', 'Chr6', 'Chr8', 'Chr9', 'Chr11', 'Chr12', 'Chr13', 'Chr15', 'Chr16', 'Chr17']",{},0,False,0,0,0,[],0,0,0,5282,3.722798396870905,0,0,0,0,0,0,[],0,[],0
23Y_1q21_recurrent_microdeletion_r2,19,1,['ChrY'],1,1,5282,[5282],"['Chr1', 'Chr2', 'Chr3', 'Chr4', 'Chr6', 'Chr8', 'Chr9', 'Chr11', 'Chr12', 'Chr13', 'Chr15', 'Chr16', 'Chr17']",{},0,False,0,0,0,[],0,0,0,5282,3.722798396870905,0,0,0,0,0,0,[],0,[],0
23Y_1q21_recurrent_microdeletion_r2,2,1,['Chr6'],2,2,764134,"[730024, 34110]","['Chr1', 'Chr2', 'Chr3', 'Chr4', 'Chr6', 'Chr8', 'Chr9', 'Chr11', 'Chr12', 'Chr13', 'Chr15', 'Chr16', 'Chr17']","{'right duplication inversion': 1, 'tandem duplication': 1}",2,True,0,88952,5,"[('Chr6', 43509804, 'Chr6', 42899700)]",1,0,1,743652,5.871369750281503,1,0,0,0,0,0,[79933],2,[],0
23Y_1q21_recurrent_microdeletion_r2,3,1,['Chr7'],2,2,1976,"[988, 988]","['Chr1', 'Chr2', 'Chr3', 'Chr4', 'Chr6', 'Chr8', 'Chr9', 'Chr11', 'Chr12', 'Chr13', 'Chr15', 'Chr16', 'Chr17']",{},0,False,0,0,0,[],0,0,0,1976,3.295786940251609,0,0,0,0,0,0,[],0,[],0
23Y_1q21_recurrent_microdeletion_r2,4,4,"['Chr1', 'Chr3', 'Chr8', 'Chr9']",8,8,1461148021,"[721987151, 43740, 2615992, 265434970, 240377288, 2510, 230686118, 252]","['Chr1', 'Chr2', 'Chr3', 'Chr4', 'Chr6', 'Chr8', 'Chr9', 'Chr11', 'Chr12', 'Chr13', 'Chr15', 'Chr16', 'Chr17']","{'deletion': 1, 'nonreciprocal translocation': 3, 'right duplication inversion': 2}",6,True,0,1051708,18,"[('Chr3', 122756232, 'Chr3', 124567230), ('Chr1', 185129086, 'Chr1', 185959237), ('Chr8', 81261470, 'Chr8', 82537211), ('Chr8', 82537210, 'Chr9', 28056723), ('Chr9', 28056721, 'Chr8', 81261471), ('Chr9', 84186540, 'Chr9', 84962742)]",6,5,11,281339553,8.449230793104054,5,2,0,0,4,2,"[161773, -1, 1649292, -1, -1]",12,"[('Chr3', 122760084, 'Chr3', 124576455), ('Chr8', 82535852, 'Chr9', 28057394)]",2
23Y_1q21_recurrent_microdeletion_r2,5,1,['Chr10'],2,2,2141660,"[2155, 2139505]","['Chr1', 'Chr2', 'Chr3', 'Chr4', 'Chr6', 'Chr8', 'Chr9', 'Chr11', 'Chr12', 'Chr13', 'Chr15', 'Chr16', 'Chr17']",{},0,False,0,0,0,[],0,2,2,2141658,6.330750119823844,0,0,0,0,0,0,[],0,[],0
23Y_1q21_recurrent_microdeletion_r2,6,2,"['Chr2', 'Chr11']",4,4,192512,"[135165, 38508, 11783, 7056]","['Chr1', 'Chr2', 'Chr3', 'Chr4', 'Chr6', 'Chr8', 'Chr9', 'Chr11', 'Chr12', 'Chr13', 'Chr15', 'Chr16', 'Chr17']","{'tandem duplication': 1, 'balanced reciprocal translocation': 2}",3,True,0,101384,10,[],0,0,0,122236,5.087199129792228,0,0,0,0,0,0,[],5,[],0
23Y_1q21_recurrent_microdeletion_r2,7,1,['Chr12'],2,2,6904,"[5556, 1348]","['Chr1', 'Chr2', 'Chr3', 'Chr4', 'Chr6', 'Chr8', 'Chr9', 'Chr11', 'Chr12', 'Chr13', 'Chr15', 'Chr16', 'Chr17']",{'inversion': 1},1,True,0,4208,4,[],0,0,0,6900,3.838849090737255,0,0,0,0,0,0,[],2,[],0
23Y_1q21_recurrent_microdeletion_r2,8,1,['Chr13'],2,2,193635223,"[524030, 193111193]","['Chr1', 'Chr2', 'Chr3', 'Chr4', 'Chr6', 'Chr8', 'Chr9', 'Chr11', 'Chr12', 'Chr13', 'Chr15', 'Chr16', 'Chr17']",{'tandem duplication': 1},1,True,0,2985,4,[],0,0,0,7435,3.871280972857973,0,0,0,0,0,0,[],1,[],0
23Y_1q21_recurrent_microdeletion_r2,9,1,['Chr14'],2,2,20870,"[10435, 10435]","['Chr1', 'Chr2', 'Chr3', 'Chr4', 'Chr6', 'Chr8', 'Chr9', 'Chr11', 'Chr12', 'Chr13', 'Chr15', 'Chr16', 'Chr17']",{},0,False,0,0,0,[],0,0,0,20870,4.319522449065454,0,0,0,0,0,0,[],0,[],0
23Y_2p15-16-1_microdeletion_r2,0,1,['Chr1'],2,3,10930353,"[5458997, 18587, 5452769]","['Chr1', 'Chr2', 'Chr4', 'Chr5', 'Chr6', 'Chr7', 'Chr10', 'Chr12', 'Chr14', 'Chr18']",{'tandem duplication': 1},1,True,1,0,0,"[('Chr1', 248946421, 'Chr1', 243506012)]",1,0,1,33619,4.526584791169458,0,0,0,0,0,0,[],1,[],0
23Y_2p15-16-1_microdeletion_r2,1,1,['Chr3'],2,2,9924,"[4962, 4962]","['Chr1', 'Chr2', 'Chr4', 'Chr5', 'Chr6', 'Chr7', 'Chr10', 'Chr12', 'Chr14', 'Chr18']",{},0,False,0,0,0,[],0,0,0,9924,3.9966867556001713,0,0,0,0,0,0,[],0,[],0
23Y_2p15-16-1_microdeletion_r2,10,2,"['Chr2', 'Chr14']",4,4,176227354,"[92587, 88066885, 88057447, 10435]","['Chr1', 'Chr2', 'Chr4', 'Chr5', 'Chr6', 'Chr7', 'Chr10', 'Chr12', 'Chr14', 'Chr18']","{'deletion': 1, 'nonreciprocal translocation': 1}",2,True,0,94782,10,[],0,0,0,91478,4.96131666097998,0,0,0,0,0,0,[],4,[],0
23Y_2p15-16-1_microdeletion_r2,11,1,['Chr15'],2,2,9358,"[4679, 4679]","['Chr1', 'Chr2', 'Chr4', 'Chr5', 'Chr6', 'Chr7', 'Chr10', 'Chr12', 'Chr14', 'Chr18']",{},0,False,0,0,0,[],0,0,0,9358,3.9711830408561615,0,0,0,0,0,0,[],0,[],0
23Y_2p15-16-1_microdeletion_r2,12,1,['Chr16'],2,2,7186,"[3593, 3593]","['Chr1', 'Chr2', 'Chr4', 'Chr5', 'Chr6', 'Chr7', 'Chr10', 'Chr12', 'Chr14', 'Chr18']",{},0,False,0,0,0,[],0,0,0,7186,3.8564872128686307,0,0,0,0,0,0,[],0,[],0
23Y_2p15-16-1_microdeletion_r2,13,1,['Chr17'],2,2,2096,"[1048, 1048]","['Chr1', 'Chr2', 'Chr4', 'Chr5', 'Chr6', 'Chr7', 'Chr10', 'Chr12', 'Chr14', 'Chr18']",{},0,False,0,0,0,[],0,0,0,2096,3.321391278311689,0,0,0,0,0,0,[],0,[],0
23Y_2p15-16-1_microdeletion_r2,14,1,['Chr18'],2,2,108646,"[58728, 49918]","['Chr1', 'Chr2', 'Chr4', 'Chr5', 'Chr6', 'Chr7', 'Chr10', 'Chr12', 'Chr14', 'Chr18']",{'deletion': 1},1,True,0,22316,3,[],0,0,0,53876,4.731395344244452,0,0,0,0,0,0,[],1,[],0
23Y_2p15-16-1_microdeletion_r2,15,1,['Chr19'],2,2,3800,"[1900, 1900]","['Chr1', 'Chr2', 'Chr4', 'Chr5', 'Chr6', 'Chr7', 'Chr10', 'Chr12', 'Chr14', 'Chr18']",{},0,False,0,0,0,[],0,0,0,3800,3.57978359661681,0,0,0,0,0,0,[],0,[],0
23Y_2p15-16-1_microdeletion_r2,16,1,['Chr20'],2,2,896,"[448, 448]","['Chr1', 'Chr2', 'Chr4', 'Chr5', 'Chr6', 'Chr7', 'Chr10', 'Chr12', 'Chr14', 'Chr18']",{},0,False,0,0,0,[],0,0,0,896,2.9523080096621253,0,0,0,0,0,0,[],0,[],0
23Y_2p15-16-1_microdeletion_r2,17,1,['Chr21'],2,2,5504,"[2752, 2752]","['Chr1', 'Chr2', 'Chr4', 'Chr5', 'Chr6', 'Chr7', 'Chr10', 'Chr12', 'Chr14', 'Chr18']",{},0,False,0,0,0,[],0,0,0,5504,3.740678425227455,0,0,0,0,0,0,[],0,[],0
23Y_2p15-16-1_microdeletion_r2,18,1,['Chr22'],2,2,5760,"[2880, 2880]","['Chr1', 'Chr2', 'Chr4', 'Chr5', 'Chr6', 'Chr7', 'Chr10', 'Chr12', 'Chr14', 'Chr18']",{},0,False,0,0,0,[],0,0,0,5760,3.760422483423212,0,0,0,0,0,0,[],0,[],0
23Y_2p15-16-1_microdeletion_r2,19,1,['ChrX'],1,1,5282,[5282],"['Chr1', 'Chr2', 'Chr4', 'Chr5', 'Chr6', 'Chr7', 'Chr10', 'Chr12', 'Chr14', 'Chr18']",{},0,False,0,0,0,[],0,0,0,5282,3.722798396870905,0,0,0,0,0,0,[],0,[],0
23Y_2p15-16-1_microdeletion_r2,2,1,['Chr4'],2,3,15177308,"[7671227, 8500, 7497581]","['Chr1', 'Chr2', 'Chr4', 'Chr5', 'Chr6', 'Chr7', 'Chr10', 'Chr12', 'Chr14', 'Chr18']",{'right duplication inversion': 1},1,True,1,0,0,"[('Chr4', 182541828, 'Chr4', 190204555)]",1,0,1,15170254,7.1809928523671465,0,0,0,0,0,0,[],1,[],0
23Y_2p15-16-1_microdeletion_r2,20,1,['ChrY'],1,1,5282,[5282],"['Chr1', 'Chr2', 'Chr4', 'Chr5', 'Chr6', 'Chr7', 'Chr10', 'Chr12', 'Chr14', 'Chr18']",{},0,False,0,0,0,[],0,0,0,5282,3.722798396870905,0,0,0,0,0,0,[],0,[],0
23Y_2p15-16-1_microdeletion_r2,3,1,['Chr6'],2,3,89981517,"[89915181, 66336]","['Chr1', 'Chr2', 'Chr4', 'Chr5', 'Chr6', 'Chr7', 'Chr10', 'Chr12', 'Chr14', 'Chr18']","{'tandem duplication': 1, 'left duplication inversion': 1}",2,True,1,26151,3,"[('Chr6', 89879366, 'Chr6', 84457361), ('Chr6', 87969847, 'Chr6', 90471160)]",2,1,3,7761811,6.889963063467586,1,1,0,0,1,1,[3586789],2,"[('Chr6', 87970506, 'Chr6', 90470603)]",1
23Y_2p15-16-1_microdeletion_r2,4,2,"['Chr5', 'Chr7']",4,4,250865190,"[121731255, 3753404, 37201, 125343330]","['Chr1', 'Chr2', 'Chr4', 'Chr5', 'Chr6', 'Chr7', 'Chr10', 'Chr12', 'Chr14', 'Chr18']","{'balanced reciprocal translocation': 2, 'nonreciprocal translocation': 1, 'deletion': 1}",4,True,0,469514,17,[],0,0,0,432750,5.636237076547432,1,0,0,0,1,0,[3720516],8,[],0
23Y_2p15-16-1_microdeletion_r2,5,1,['Chr8'],2,2,5020,"[2510, 2510]","['Chr1', 'Chr2', 'Chr4', 'Chr5', 'Chr6', 'Chr7', 'Chr10', 'Chr12', 'Chr14', 'Chr18']",{},0,False,0,0,0,[],0,0,0,5020,3.7007037171450192,0,0,0,0,0,0,[],0,[],0
23Y_2p15-16-1_microdeletion_r2,6,1,['Chr9'],2,2,504,"[252, 252]","['Chr1', 'Chr2', 'Chr4', 'Chr5', 'Chr6', 'Chr7', 'Chr10', 'Chr12', 'Chr14', 'Chr18']",{},0,False,0,0,0,[],0,0,0,504,2.7024305364455254,0,0,0,0,0,0,[],0,[],0
23Y_2p15-16-1_microdeletion_r2,7,1,['Chr11'],2,2,14112,"[7056, 7056]","['Chr1', 'Chr2', 'Chr4', 'Chr5', 'Chr6', 'Chr7', 'Chr10', 'Chr12', 'Chr14', 'Chr18']",{},0,False,0,0,0,[],0,0,0,14112,4.149588567787744,0,0,0,0,0,0,[],0,[],0
23Y_2p15-16-1_microdeletion_r2,8,2,"['Chr10', 'Chr12']",4,4,221066102,"[112251335, 2155, 108811264, 1348]","['Chr1', 'Chr2', 'Chr4', 'Chr5', 'Chr6', 'Chr7', 'Chr10', 'Chr12', 'Chr14', 'Chr18']",{'nonreciprocal translocation': 1},1,True,0,29140,7,[],0,0,0,7006,3.8454701329816734,1,0,0,0,1,0,[3439265],3,[],0
23Y_2p15-16-1_microdeletion_r2,9,1,['Chr13'],2,2,4450,"[2225, 2225]","['Chr1', 'Chr2', 'Chr4', 'Chr5', 'Chr6', 'Chr7', 'Chr10', 'Chr12', 'Chr14', 'Chr18']",{},0,False,0,0,0,[],0,0,0,4450,3.6483600109809315,0,0,0,0,0,0,[],0,[],0
23Y_8q21_recurrent_microdeletion_r2,0,1,['Chr1'],2,2,6176,"[3088, 3088]","['Chr2', 'Chr4', 'Chr6', 'Chr8', 'Chr10', 'Chr12', 'Chr14', 'Chr16', 'Chr17']",{},0,False,0,0,0,[],0,0,0,6176,3.7907072873276797,0,0,0,0,0,0,[],0,[],0
23Y_8q21_recurrent_microdeletion_r2,1,1,['Chr2'],2,2,2249292,"[2194491, 54801]","['Chr2', 'Chr4', 'Chr6', 'Chr8', 'Chr10', 'Chr12', 'Chr14', 'Chr16', 'Chr17']","{'tandem duplication': 4, 'deletion': 2}",6,True,0,783820,8,"[('Chr2', 242183528, 'Chr2', 241477504), ('Chr2', 242183528, 'Chr2', 241530610)]",2,0,2,2158958,6.334244193725772,1,0,0,0,1,0,[1423077],6,[],0
23Y_8q21_recurrent_microdeletion_r2,10,1,['Chr12'],2,2,260576319,"[131967411, 128608908]","['Chr2', 'Chr4', 'Chr6', 'Chr8', 'Chr10', 'Chr12', 'Chr14', 'Chr16', 'Chr17']","{'deletion': 2, 'left duplication inversion': 1}",3,True,0,100734,6,[],0,0,0,1760118,6.245541784309042,0,0,0,0,0,0,[],3,[],0
23Y_8q21_recurrent_microdeletion_r2,11,1,['Chr13'],2,2,4450,"[2225, 2225]","['Chr2', 'Chr4', 'Chr6', 'Chr8', 'Chr10', 'Chr12', 'Chr14', 'Chr16', 'Chr17']",{},0,False,0,0,0,[],0,0,0,4450,3.6483600109809315,0,0,0,0,0,0,[],0,[],0
23Y_8q21_recurrent_microdeletion_r2,12,2,"['Chr6', 'Chr14']",4,4,157028411,"[157022330, 6081]","['Chr2', 'Chr4', 'Chr6', 'Chr8', 'Chr10', 'Chr12', 'Chr14', 'Chr16', 'Chr17']","{'inversion': 1, 'balanced reciprocal translocation': 2}",3,True,0,35184,8,"[('Chr14', 105883840, 'Chr14', 106883718), ('Chr14', 105883839, 'Chr14', 106883717)]",2,0,2,2011914,6.303609412704125,0,0,0,0,0,0,[],6,[],0
23Y_8q21_recurrent_microdeletion_r2,13,1,['Chr15'],2,2,159023717,"[2006913, 157016804]","['Chr2', 'Chr4', 'Chr6', 'Chr8', 'Chr10', 'Chr12', 'Chr14', 'Chr16', 'Chr17']",{},0,False,0,0,0,[],0,0,0,9358,3.9711830408561615,0,0,0,0,0,0,[],0,[],0
23Y_8q21_recurrent_microdeletion_r2,14,1,['Chr16'],2,2,9358,"[4679, 4679]","['Chr2', 'Chr4', 'Chr6', 'Chr8', 'Chr10', 'Chr12', 'Chr14', 'Chr16', 'Chr17']",{'right duplication inversion': 1},1,True,0,162972,7,[],0,0,0,178423,5.251450837311651,1,0,0,0,0,0,[116119],1,[],0
23Y_8q21_recurrent_microdeletion_r2,15,1,['Chr17'],2,2,204161,"[167701, 36460]","['Chr2', 'Chr4', 'Chr6', 'Chr8', 'Chr10', 'Chr12', 'Chr14', 'Chr16', 'Chr17']",{'inversion': 1},1,True,0,0,0,"[('Chr17', 30495338, 'Chr17', 31183284), ('Chr17', 30495337, 'Chr17', 31183283)]",2,0,2,1377986,6.139244805268535,0,0,0,0,0,0,[],2,[],0
23Y_8q21_recurrent_microdeletion_r2,16,1,['Chr18'],2,2,1377988,"[1376940, 1048]","['Chr2', 'Chr4', 'Chr6', 'Chr8', 'Chr10', 'Chr12', 'Chr14', 'Chr16', 'Chr17']",{},0,False,0,0,0,[],0,0,0,13820,4.14050804303818,0,0,0,0,0,0,[],0,[],0
23Y_8q21_recurrent_microdeletion_r2,17,1,['Chr19'],2,2,13820,"[6910, 6910]","['Chr2', 'Chr4', 'Chr6', 'Chr8', 'Chr10', 'Chr12', 'Chr14', 'Chr16', 'Chr17']",{},0,False,0,0,0,[],0,0,0,3800,3.57978359661681,0,0,0,0,0,0,[],0,[],0
23Y_8q21_recurrent_microdeletion_r2,18,1,['Chr20'],2,2,3800,"[1900, 1900]","['Chr2', 'Chr4', 'Chr6', 'Chr8', 'Chr10', 'Chr12', 'Chr14', 'Chr16', 'Chr17']",{},0,False,0,0,0,[],0,0,0,896,2.9523080096621253,0,0,0,0,0,0,[],0,[],0
23Y_8q21_recurrent_microdeletion_r2,19,1,['Chr21'],2,2,896,"[448, 448]","['Chr2', 'Chr4', 'Chr6', 'Chr8', 'Chr10', 'Chr12', 'Chr14', 'Chr16', 'Chr17']",{},0,False,0,0,0,[],0,0,0,5504,3.740678425227455,0,0,0,0,0,0,[],0,[],0
23Y_8q21_recurrent_microdeletion_r2,2,1,['Chr3'],2,2,9924,"[4962, 4962]","['Chr2', 'Chr4', 'Chr6', 'Chr8', 'Chr10', 'Chr12', 'Chr14', 'Chr16', 'Chr17']",{},0,False,0,0,0,[],0,0,0,9924,3.9966867556001713,0,0,0,0,0,0,[],0,[],0
23Y_8q21_recurrent_microdeletion_r2,20,1,['Chr22'],2,2,5504,"[2752, 2752]","['Chr2', 'Chr4', 'Chr6', 'Chr8', 'Chr10', 'Chr12', 'Chr14', 'Chr16', 'Chr17']",{},0,False,0,0,0,[],0,0,0,5760,3.760422483423212,0,0,0,0,0,0,[],0,[],0
23Y_8q21_recurrent_microdeletion_r2,21,1,['ChrX'],1,1,5760,"[2880, 2880]","['Chr2', 'Chr4', 'Chr6', 'Chr8', 'Chr10', 'Chr12', 'Chr14', 'Chr16', 'Chr17']",{},0,False,0,0,0,[],0,0,0,5282,3.722798396870905,0,0,0,0,0,0,[],0,[],0
23Y_8q21_recurrent_microdeletion_r2,22,1,['ChrY'],1,1,5282,[5282],"['Chr2', 'Chr4', 'Chr6', 'Chr8', 'Chr10', 'Chr12', 'Chr14', 'Chr16', 'Chr17']",{},0,False,0,0,0,[],0,0,0,5282,3.722798396870905,0,0,0,0,0,0,[],0,[],0
23Y_8q21_recurrent_microdeletion_r2,3,1,['Chr4'],2,2,3650949,"[1879526, 1771423]","['Chr2', 'Chr4', 'Chr6', 'Chr8', 'Chr10', 'Chr12', 'Chr14', 'Chr16', 'Chr17']",{'left duplication inversion': 1},1,True,0,0,0,"[('Chr4', 80760888, 'Chr4', 82618989)]",1,1,2,3618047,6.558474204234152,1,0,0,0,1,0,[1749997],1,[],0
23Y_8q21_recurrent_microdeletion_r2,4,1,['Chr5'],2,2,11088,"[5544, 5544]","['Chr2', 'Chr4', 'Chr6', 'Chr8', 'Chr10', 'Chr12', 'Chr14', 'Chr16', 'Chr17']",{},0,False,0,0,0,[],0,0,0,11088,4.044853217267732,0,0,0,0,0,0,[],0,[],0
23Y_8q21_recurrent_microdeletion_r2,5,1,['Chr7'],2,2,1976,"[988, 988]","['Chr2', 'Chr4', 'Chr6', 'Chr8', 'Chr10', 'Chr12', 'Chr14', 'Chr16', 'Chr17']",{},0,False,0,0,0,[],0,0,0,1976,3.295786940251609,0,0,0,0,0,0,[],0,[],0
23Y_8q21_recurrent_microdeletion_r2,6,1,['Chr8'],2,2,441706,"[423948, 17758]","['Chr2', 'Chr4', 'Chr6', 'Chr8', 'Chr10', 'Chr12', 'Chr14', 'Chr16', 'Chr17']",{'deletion': 1},1,True,0,406190,2,[],0,0,0,414824,5.617863874925398,1,0,0,0,1,0,[945966],1,[],0
23Y_8q21_recurrent_microdeletion_r2,7,1,['Chr9'],2,2,504,"[252, 252]","['Chr2', 'Chr4', 'Chr6', 'Chr8', 'Chr10', 'Chr12', 'Chr14', 'Chr16', 'Chr17']",{},0,False,0,0,0,[],0,0,0,504,2.7024305364455254,0,0,0,0,0,0,[],0,[],0
23Y_8q21_recurrent_microdeletion_r2,8,1,['Chr10'],2,2,149022,"[122501, 26521]","['Chr2', 'Chr4', 'Chr6', 'Chr8', 'Chr10', 'Chr12', 'Chr14', 'Chr16', 'Chr17']",{'deletion': 1},1,True,0,95980,2,[],0,0,0,117322,5.069379457833577,0,0,0,0,0,0,[],1,[],0
23Y_8q21_recurrent_microdeletion_r2,9,1,['Chr11'],2,2,14112,"[7056, 7056]","['Chr2', 'Chr4', 'Chr6', 'Chr8', 'Chr10', 'Chr12', 'Chr14', 'Chr16', 'Chr17']",{},0,False,0,0,0,[],0,0,0,14112,4.149588567787744,0,0,0,0,0,0,[],0,[],0
23Y_CMT1A_r1,0,1,['Chr1'],3,3,3878183,"[144124, 3589935, 144124]","['Chr1', 'Chr1', 'Chr2', 'Chr3', 'Chr5', 'Chr6', 'Chr7', 'Chr7', 'Chr10', 'Chr13', 'Chr14', 'Chr16', 'Chr17', 'Chr18', 'Chr20']",{'arm tandem duplication': 1},1,True,0,26904,6,"[('Chr1', 125184587, 'Chr1', 248946422)]",1,0,1,3622955,6.559062939783072,0,0,0,0,0,0,[],1,[],0
23Y_CMT1A_r1,1,1,['Chr2'],2,2,143773,"[97171, 46602]","['Chr1', 'Chr1', 'Chr2', 'Chr3', 'Chr5', 'Chr6', 'Chr7', 'Chr7', 'Chr10', 'Chr13', 'Chr14', 'Chr16', 'Chr17', 'Chr18', 'Chr20']",{'tandem duplication': 1},1,True,0,50569,2,[],0,0,0,66763,4.824535843498112,0,0,0,0,0,0,[],1,[],0
23Y_CMT1A_r1,10,1,['Chr12'],2,2,2696,"[1348, 1348]","['Chr1', 'Chr1', 'Chr2', 'Chr3', 'Chr5', 'Chr6', 'Chr7', 'Chr7', 'Chr10', 'Chr13', 'Chr14', 'Chr16', 'Chr17', 'Chr18', 'Chr20']",{},0,False,0,0,0,[],0,0,0,2696,3.4307198878632823,0,0,0,0,0,0,[],0,[],0
23Y_CMT1A_r1,11,1,['Chr14'],2,2,174682251,"[174647243, 35008]","['Chr1', 'Chr1', 'Chr2', 'Chr3', 'Chr5', 'Chr6', 'Chr7', 'Chr7', 'Chr10', 'Chr13', 'Chr14', 'Chr16', 'Chr17', 'Chr18', 'Chr20']",{'left duplication inversion': 1},1,True,0,2,2,"[('Chr14', 101348791, 'Chr14', 106883717)]",1,1,2,8282563,6.918164747958562,1,0,0,0,1,0,[2726772],1,[],0
23Y_CMT1A_r1,12,1,['Chr15'],2,2,9358,"[4679, 4679]","['Chr1', 'Chr1', 'Chr2', 'Chr3', 'Chr5', 'Chr6', 'Chr7', 'Chr7', 'Chr10', 'Chr13', 'Chr14', 'Chr16', 'Chr17', 'Chr18', 'Chr20']",{},0,False,0,0,0,[],0,0,0,9358,3.9711830408561615,0,0,0,0,0,0,[],0,[],0
23Y_CMT1A_r1,13,2,"['Chr13', 'Chr16']",4,4,281587068,"[234361262, 12041, 13304, 47200461]","['Chr1', 'Chr1', 'Chr2', 'Chr3', 'Chr5', 'Chr6', 'Chr7', 'Chr7', 'Chr10', 'Chr13', 'Chr14', 'Chr16', 'Chr17', 'Chr18', 'Chr20']","{'nonreciprocal translocation': 1, 'tandem duplication': 1}",2,True,0,179339,11,[],0,0,0,168513,5.22663341031409,1,0,0,0,1,0,[7145615],4,[],0
23Y_CMT1A_r1,14,1,['Chr17'],2,2,174133,"[138357, 35776]","['Chr1', 'Chr1', 'Chr2', 'Chr3', 'Chr5', 'Chr6', 'Chr7', 'Chr7', 'Chr10', 'Chr13', 'Chr14', 'Chr16', 'Chr17', 'Chr18', 'Chr20']",{'tandem duplication': 1},1,True,0,102581,2,[],0,0,0,117987,5.0718341586681035,0,0,0,0,0,0,[],1,[],0
23Y_CMT1A_r1,15,1,['Chr18'],2,2,174856,"[106725, 68131]","['Chr1', 'Chr1', 'Chr2', 'Chr3', 'Chr5', 'Chr6', 'Chr7', 'Chr7', 'Chr10', 'Chr13', 'Chr14', 'Chr16', 'Chr17', 'Chr18', 'Chr20']",{'tandem duplication': 1},1,True,0,79102,6,[],0,0,0,110662,5.043998514975502,0,0,0,0,0,0,[],1,[],0
23Y_CMT1A_r1,16,1,['Chr19'],2,2,3800,"[1900, 1900]","['Chr1', 'Chr1', 'Chr2', 'Chr3', 'Chr5', 'Chr6', 'Chr7', 'Chr7', 'Chr10', 'Chr13', 'Chr14', 'Chr16', 'Chr17', 'Chr18', 'Chr20']",{},0,False,0,0,0,[],0,0,0,3800,3.57978359661681,0,0,0,0,0,0,[],0,[],0
23Y_CMT1A_r1,17,1,['Chr20'],2,2,147186,"[118395, 28791]","['Chr1', 'Chr1', 'Chr2', 'Chr3', 'Chr5', 'Chr6', 'Chr7', 'Chr7', 'Chr10', 'Chr13', 'Chr14', 'Chr16', 'Chr17', 'Chr18', 'Chr20']",{'right duplication inversion': 1},1,True,0,103535,5,[],0,0,0,124744,5.096019665882143,1,0,0,0,0,0,[89129],1,[],0
23Y_CMT1A_r1,18,1,['Chr21'],2,2,5504,"[2752, 2752]","['Chr1', 'Chr1', 'Chr2', 'Chr3', 'Chr5', 'Chr6', 'Chr7', 'Chr7', 'Chr10', 'Chr13', 'Chr14', 'Chr16', 'Chr17', 'Chr18', 'Chr20']",{},0,False,0,0,0,[],0,0,0,5504,3.740678425227455,0,0,0,0,0,0,[],0,[],0
23Y_CMT1A_r1,19,1,['Chr22'],2,2,5760,"[2880, 2880]","['Chr1', 'Chr1', 'Chr2', 'Chr3', 'Chr5', 'Chr6', 'Chr7', 'Chr7', 'Chr10', 'Chr13', 'Chr14', 'Chr16', 'Chr17', 'Chr18', 'Chr20']",{},0,False,0,0,0,[],0,0,0,5760,3.760422483423212,0,0,0,0,0,0,[],0,[],0
23Y_CMT1A_r1,2,1,['Chr4'],2,2,3980,"[1990, 1990]","['Chr1', 'Chr1', 'Chr2', 'Chr3', 'Chr5', 'Chr6', 'Chr7', 'Chr7', 'Chr10', 'Chr13', 'Chr14', 'Chr16', 'Chr17', 'Chr18', 'Chr20']",{},0,False,0,0,0,[],0,0,0,3980,3.5998830720736876,0,0,0,0,0,0,[],0,[],0
23Y_CMT1A_r1,20,1,['ChrX'],1,1,5282,[5282],"['Chr1', 'Chr1', 'Chr2', 'Chr3', 'Chr5', 'Chr6', 'Chr7', 'Chr7', 'Chr10', 'Chr13', 'Chr14', 'Chr16', 'Chr17', 'Chr18', 'Chr20']",{},0,False,0,0,0,[],0,0,0,5282,3.722798396870905,0,0,0,0,0,0,[],0,[],0
23Y_CMT1A_r1,21,1,['ChrY'],1,1,5282,[5282],"['Chr1', 'Chr1', 'Chr2', 'Chr3', 'Chr5', 'Chr6', 'Chr7', 'Chr7', 'Chr10', 'Chr13', 'Chr14', 'Chr16', 'Chr17', 'Chr18', 'Chr20']",{},0,False,0,0,0,[],0,0,0,5282,3.722798396870905,0,0,0,0,0,0,[],0,[],0
23Y_CMT1A_r1,3,1,['Chr5'],1,2,482396,"[89984, 392412]","['Chr1', 'Chr1', 'Chr2', 'Chr3', 'Chr5', 'Chr6', 'Chr7', 'Chr7', 'Chr10', 'Chr13', 'Chr14', 'Chr16', 'Chr17', 'Chr18', 'Chr20']",{'chromosomal deletion': 1},1,True,1,0,0,[],0,2,2,3729435,6.571643042272953,2,2,0,0,2,2,"[46146072, 131592754]",0,[],0
23Y_CMT1A_r1,4,1,['Chr6'],2,2,343711777,"[173025798, 170685979]","['Chr1', 'Chr1', 'Chr2', 'Chr3', 'Chr5', 'Chr6', 'Chr7', 'Chr7', 'Chr10', 'Chr13', 'Chr14', 'Chr16', 'Chr17', 'Chr18', 'Chr20']",{'left duplication inversion': 1},1,True,0,46892,3,[],0,0,0,138672,5.141988779219784,0,0,0,0,0,0,[],1,[],0
23Y_CMT1A_r1,5,2,"['Chr3', 'Chr7']",5,4,232634535,"[345896, 41577, 113872151, 110766683, 7608228]","['Chr1', 'Chr1', 'Chr2', 'Chr3', 'Chr5', 'Chr6', 'Chr7', 'Chr7', 'Chr10', 'Chr13', 'Chr14', 'Chr16', 'Chr17', 'Chr18', 'Chr20']","{'left duplication inversion': 2, 'nonreciprocal translocation': 1, 'arm tandem duplication': 1, 'tandem duplication': 1}",5,True,-1,555993,41,"[('Chr7', 9999, 'Chr7', 58169654)]",1,2,3,102060614,8.008858176733915,3,1,0,0,2,1,"[53874, 46082635, 46436085]",8,[],0
23Y_CMT1A_r1,6,1,['Chr8'],2,2,5020,"[2510, 2510]","['Chr1', 'Chr1', 'Chr2', 'Chr3', 'Chr5', 'Chr6', 'Chr7', 'Chr7', 'Chr10', 'Chr13', 'Chr14', 'Chr16', 'Chr17', 'Chr18', 'Chr20']",{},0,False,0,0,0,[],0,0,0,5020,3.7007037171450192,0,0,0,0,0,0,[],0,[],0
23Y_CMT1A_r1,7,1,['Chr9'],2,2,504,"[252, 252]","['Chr1', 'Chr1', 'Chr2', 'Chr3', 'Chr5', 'Chr6', 'Chr7', 'Chr7', 'Chr10', 'Chr13', 'Chr14', 'Chr16', 'Chr17', 'Chr18', 'Chr20']",{},0,False,0,0,0,[],0,0,0,504,2.7024305364455254,0,0,0,0,0,0,[],0,[],0
23Y_CMT1A_r1,8,1,['Chr10'],2,2,7630,"[5475, 2155]","['Chr1', 'Chr1', 'Chr2', 'Chr3', 'Chr5', 'Chr6', 'Chr7', 'Chr7', 'Chr10', 'Chr13', 'Chr14', 'Chr16', 'Chr17', 'Chr18', 'Chr20']",{'inversion': 1},1,True,0,3320,4,[],0,0,0,7626,3.882296800937652,0,0,0,0,0,0,[],2,[],0
23Y_CMT1A_r1,9,1,['Chr11'],2,2,14112,"[7056, 7056]","['Chr1', 'Chr1', 'Chr2', 'Chr3', 'Chr5', 'Chr6', 'Chr7', 'Chr7', 'Chr10', 'Chr13', 'Chr14', 'Chr16', 'Chr17', 'Chr18', 'Chr20']",{},0,False,0,0,0,[],0,0,0,14112,4.149588567787744,0,0,0,0,0,0,[],0,[],0
23Y_CMT1A_r2,0,1,['Chr2'],2,2,4342,"[2171, 2171]","['Chr1', 'Chr3', 'Chr4', 'Chr5', 'Chr5', 'Chr6', 'Chr7', 'Chr8', 'Chr10', 'Chr11', 'Chr13', 'Chr17']",{},0,False,0,0,0,[],0,0,0,4342,3.637689819118401,0,0,0,0,0,0,[],0,[],0
23Y_CMT1A_r2,1,1,['Chr4'],2,2,51764,"[27489, 24275]","['Chr1', 'Chr3', 'Chr4', 'Chr5', 'Chr5', 'Chr6', 'Chr7', 'Chr8', 'Chr10', 'Chr11', 'Chr13', 'Chr17']",{'deletion': 1},1,True,0,118268,3,[],0,0,0,128222,5.10796254670299,1,0,0,0,1,0,[9833131],1,[],0
23Y_CMT1A_r2,10,1,['Chr14'],2,2,20870,"[10435, 10435]","['Chr1', 'Chr3', 'Chr4', 'Chr5', 'Chr5', 'Chr6', 'Chr7', 'Chr8', 'Chr10', 'Chr11', 'Chr13', 'Chr17']",{},0,False,0,0,0,[],0,0,0,20870,4.319522449065454,0,0,0,0,0,0,[],0,[],0
23Y_CMT1A_r2,11,1,['Chr15'],2,2,9358,"[4679, 4679]","['Chr1', 'Chr3', 'Chr4', 'Chr5', 'Chr5', 'Chr6', 'Chr7', 'Chr8', 'Chr10', 'Chr11', 'Chr13', 'Chr17']",{},0,False,0,0,0,[],0,0,0,9358,3.9711830408561615,0,0,0,0,0,0,[],0,[],0
23Y_CMT1A_r2,12,1,['Chr16'],2,2,7186,"[3593, 3593]","['Chr1', 'Chr3', 'Chr4', 'Chr5', 'Chr5', 'Chr6', 'Chr7', 'Chr8', 'Chr10', 'Chr11', 'Chr13', 'Chr17']",{},0,False,0,0,0,[],0,0,0,7186,3.8564872128686307,0,0,0,0,0,0,[],0,[],0
23Y_CMT1A_r2,13,2,"['Chr3', 'Chr17']",4,4,7502329,"[5273470, 41200, 2150575, 37084]","['Chr1', 'Chr3', 'Chr4', 'Chr5', 'Chr5', 'Chr6', 'Chr7', 'Chr8', 'Chr10', 'Chr11', 'Chr13', 'Chr17']","{'tandem duplication': 1, 'right duplication inversion': 1, 'nonreciprocal translocation': 1}",3,True,0,77118,7,"[('Chr3', 82125335, 'Chr3', 84892898), ('Chr17', 68413973, 'Chr17', 70466399)]",2,2,4,5308450,6.724967731116506,2,2,0,0,2,2,"[-1, -1]",5,"[('Chr3', 82126546, 'Chr3', 84900321)]",1
23Y_CMT1A_r2,14,1,['Chr18'],2,2,13820,"[6910, 6910]","['Chr1', 'Chr3', 'Chr4', 'Chr5', 'Chr5', 'Chr6', 'Chr7', 'Chr8', 'Chr10', 'Chr11', 'Chr13', 'Chr17']",{},0,False,0,0,0,[],0,0,0,13820,4.14050804303818,0,0,0,0,0,0,[],0,[],0
23Y_CMT1A_r2,15,1,['Chr19'],2,2,3800,"[1900, 1900]","['Chr1', 'Chr3', 'Chr4', 'Chr5', 'Chr5', 'Chr6', 'Chr7', 'Chr8', 'Chr10', 'Chr11', 'Chr13', 'Chr17']",{},0,False,0,0,0,[],0,0,0,3800,3.57978359661681,0,0,0,0,0,0,[],0,[],0
23Y_CMT1A_r2,16,1,['Chr20'],2,2,896,"[448, 448]","['Chr1', 'Chr3', 'Chr4', 'Chr5', 'Chr5', 'Chr6', 'Chr7', 'Chr8', 'Chr10', 'Chr11', 'Chr13', 'Chr17']",{},0,False,0,0,0,[],0,0,0,896,2.9523080096621253,0,0,0,0,0,0,[],0,[],0
23Y_CMT1A_r2,17,1,['Chr21'],2,2,5504,"[2752, 2752]","['Chr1', 'Chr3', 'Chr4', 'Chr5', 'Chr5', 'Chr6', 'Chr7', 'Chr8', 'Chr10', 'Chr11', 'Chr13', 'Chr17']",{},0,False,0,0,0,[],0,0,0,5504,3.740678425227455,0,0,0,0,0,0,[],0,[],0
23Y_CMT1A_r2,18,1,['Chr22'],2,2,5760,"[2880, 2880]","['Chr1', 'Chr3', 'Chr4', 'Chr5', 'Chr5', 'Chr6', 'Chr7', 'Chr8', 'Chr10', 'Chr11', 'Chr13', 'Chr17']",{},0,False,0,0,0,[],0,0,0,5760,3.760422483423212,0,0,0,0,0,0,[],0,[],0
23Y_CMT1A_r2,19,1,['ChrX'],1,1,5282,[5282],"['Chr1', 'Chr3', 'Chr4', 'Chr5', 'Chr5', 'Chr6', 'Chr7', 'Chr8', 'Chr10', 'Chr11', 'Chr13', 'Chr17']",{},0,False,0,0,0,[],0,0,0,5282,3.722798396870905,0,0,0,0,0,0,[],0,[],0
23Y_CMT1A_r2,2,1,['Chr6'],2,2,7796983,"[4010563, 3786420]","['Chr1', 'Chr3', 'Chr4', 'Chr5', 'Chr5', 'Chr6', 'Chr7', 'Chr8', 'Chr10', 'Chr11', 'Chr13', 'Chr17']",{'left duplication inversion': 1},1,True,0,0,0,"[('Chr6', 5625044, 'Chr6', 9600168)]",1,1,2,7770695,6.890459863223911,1,0,0,0,1,0,[3750980],1,"[('Chr6', 5618458, 'Chr6', 9595809)]",1
23Y_CMT1A_r2,20,1,['ChrY'],1,1,5282,[5282],"['Chr1', 'Chr3', 'Chr4', 'Chr5', 'Chr5', 'Chr6', 'Chr7', 'Chr8', 'Chr10', 'Chr11', 'Chr13', 'Chr17']",{},0,False,0,0,0,[],0,0,0,5282,3.722798396870905,0,0,0,0,0,0,[],0,[],0
23Y_CMT1A_r2,3,1,['Chr7'],2,2,97383,"[67592, 29791]","['Chr1', 'Chr3', 'Chr4', 'Chr5', 'Chr5', 'Chr6', 'Chr7', 'Chr8', 'Chr10', 'Chr11', 'Chr13', 'Chr17']",{'tandem duplication': 1},1,True,0,134507,5,[],0,0,0,137461,5.138179498985977,1,0,0,0,0,0,[72968],1,[],0
23Y_CMT1A_r2,4,2,"['Chr5', 'Chr8']",5,4,801598990,"[8062258, 183579005, 529197391, 62583, 80697753]","['Chr1', 'Chr3', 'Chr4', 'Chr5', 'Chr5', 'Chr6', 'Chr7', 'Chr8', 'Chr10', 'Chr11', 'Chr13', 'Chr17']","{'balanced reciprocal translocation': 4, 'chromosomal duplication': 1, 'tandem duplication': 2}",7,True,-1,112067,32,[],0,4,4,5058271,6.704002093227402,4,0,0,0,4,0,"[46112674, 20514124, 64557299, 45350378]",10,[],0
23Y_CMT1A_r2,5,1,['Chr9'],2,2,504,"[252, 252]","['Chr1', 'Chr3', 'Chr4', 'Chr5', 'Chr5', 'Chr6', 'Chr7', 'Chr8', 'Chr10', 'Chr11', 'Chr13', 'Chr17']",{},0,False,0,0,0,[],0,0,0,504,2.7024305364455254,0,0,0,0,0,0,[],0,[],0
23Y_CMT1A_r2,6,1,['Chr10'],2,3,8837629,"[8807740, 29889]","['Chr1', 'Chr3', 'Chr4', 'Chr5', 'Chr5', 'Chr6', 'Chr7', 'Chr8', 'Chr10', 'Chr11', 'Chr13', 'Chr17']","{'tandem duplication': 1, 'left duplication inversion': 1}",2,True,1,5340,3,"[('Chr10', 9999, 'Chr10', 3128104), ('Chr10', 6338673, 'Chr10', 10000)]",2,1,3,7199058,6.857275672519241,1,1,0,0,1,1,[3341837],2,[],0
23Y_CMT1A_r2,7,2,"['Chr1', 'Chr11']",4,5,238473811,"[121607484, 13995, 111763076, 7056, 5082200]","['Chr1', 'Chr3', 'Chr4', 'Chr5', 'Chr5', 'Chr6', 'Chr7', 'Chr8', 'Chr10', 'Chr11', 'Chr13', 'Chr17']","{'tandem duplication': 1, 'nonreciprocal translocation': 1}",2,True,1,15006,7,"[('Chr1', 248946421, 'Chr1', 243866244)]",1,0,1,37394,4.572801923699611,1,0,0,0,1,0,[4757292],4,[],0
23Y_CMT1A_r2,8,1,['Chr12'],2,2,2696,"[1348, 1348]","['Chr1', 'Chr3', 'Chr4', 'Chr5', 'Chr5', 'Chr6', 'Chr7', 'Chr8', 'Chr10', 'Chr11', 'Chr13', 'Chr17']",{},0,False,0,0,0,[],0,0,0,2696,3.4307198878632823,0,0,0,0,0,0,[],0,[],0
23Y_CMT1A_r2,9,1,['Chr13'],2,2,187860462,"[187850771, 9691]","['Chr1', 'Chr3', 'Chr4', 'Chr5', 'Chr5', 'Chr6', 'Chr7', 'Chr8', 'Chr10', 'Chr11', 'Chr13', 'Chr17']",{'deletion': 1},1,True,0,71762,4,[],0,0,0,76212,4.882023358786699,0,0,0,0,0,0,[],1,[],0
23Y_Cri_du_Chat_r1,0,1,['Chr1'],2,2,19546,"[16458, 3088]","['Chr1', 'Chr2', 'Chr3', 'Chr5', 'Chr6', 'Chr8', 'Chr10', 'Chr12', 'Chr13', 'Chr18']",{'inversion': 1},1,True,0,13370,4,[],0,0,0,19542,4.290969008948517,0,0,0,0,0,0,[],2,[],0
23Y_Cri_du_Chat_r1,1,2,"['Chr2', 'Chr3']",4,4,12469561,"[12425290, 44271]","['Chr1', 'Chr2', 'Chr3', 'Chr5', 'Chr6', 'Chr8', 'Chr10', 'Chr12', 'Chr13', 'Chr18']","{'balanced reciprocal translocation': 2, 'deletion': 1}",3,True,0,71989,11,[],0,0,0,87839,4.943687382923936,0,0,0,0,0,0,[],5,[],0
23Y_Cri_du_Chat_r1,10,1,['Chr13'],2,2,73838245,"[73835735, 2510]","['Chr1', 'Chr2', 'Chr3', 'Chr5', 'Chr6', 'Chr8', 'Chr10', 'Chr12', 'Chr13', 'Chr18']","{'inversion': 1, 'left duplication inversion': 1}",2,True,0,893824,8,[],0,0,0,898264,5.953403994677539,1,0,0,0,1,0,[3006137],3,[],0
23Y_Cri_du_Chat_r1,11,1,['Chr14'],2,2,73838745,"[5994, 73832751]","['Chr1', 'Chr2', 'Chr3', 'Chr5', 'Chr6', 'Chr8', 'Chr10', 'Chr12', 'Chr13', 'Chr18']",{},0,False,0,0,0,[],0,0,0,20870,4.319522449065454,0,0,0,0,0,0,[],0,[],0
23Y_Cri_du_Chat_r1,12,1,['Chr15'],2,2,185824044,"[185790528, 33516]","['Chr1', 'Chr2', 'Chr3', 'Chr5', 'Chr6', 'Chr8', 'Chr10', 'Chr12', 'Chr13', 'Chr18']",{},0,False,0,0,0,[],0,0,0,9358,3.9711830408561615,0,0,0,0,0,0,[],0,[],0
23Y_Cri_du_Chat_r1,13,1,['Chr16'],2,2,20870,"[10435, 10435]","['Chr1', 'Chr2', 'Chr3', 'Chr5', 'Chr6', 'Chr8', 'Chr10', 'Chr12', 'Chr13', 'Chr18']",{},0,False,0,0,0,[],0,0,0,7186,3.8564872128686307,0,0,0,0,0,0,[],0,[],0
23Y_Cri_du_Chat_r1,14,1,['Chr17'],2,2,9358,"[4679, 4679]","['Chr1', 'Chr2', 'Chr3', 'Chr5', 'Chr6', 'Chr8', 'Chr10', 'Chr12', 'Chr13', 'Chr18']",{},0,False,0,0,0,[],0,0,0,2096,3.321391278311689,0,0,0,0,0,0,[],0,[],0
23Y_Cri_du_Chat_r1,15,1,['Chr18'],2,2,7186,"[3593, 3593]","['Chr1', 'Chr2', 'Chr3', 'Chr5', 'Chr6', 'Chr8', 'Chr10', 'Chr12', 'Chr13', 'Chr18']",{'balanced reciprocal translocation': 2},2,True,0,8754,6,[],0,0,0,13820,4.14050804303818,0,0,0,0,0,0,[],3,[],0
23Y_Cri_du_Chat_r1,16,1,['Chr19'],2,2,2096,"[1048, 1048]","['Chr1', 'Chr2', 'Chr3', 'Chr5', 'Chr6', 'Chr8', 'Chr10', 'Chr12', 'Chr13', 'Chr18']",{},0,False,0,0,0,[],0,0,0,3800,3.57978359661681,0,0,0,0,0,0,[],0,[],0
23Y_Cri_du_Chat_r1,17,1,['Chr20'],2,2,22574,"[15664, 6910]","['Chr1', 'Chr2', 'Chr3', 'Chr5', 'Chr6', 'Chr8', 'Chr10', 'Chr12', 'Chr13', 'Chr18']",{},0,False,0,0,0,[],0,0,0,896,2.9523080096621253,0,0,0,0,0,0,[],0,[],0
23Y_Cri_du_Chat_r1,18,1,['Chr21'],2,2,3800,"[1900, 1900]","['Chr1', 'Chr2', 'Chr3', 'Chr5', 'Chr6', 'Chr8', 'Chr10', 'Chr12', 'Chr13', 'Chr18']",{},0,False,0,0,0,[],0,0,0,5504,3.740678425227455,0,0,0,0,0,0,[],0,[],0
23Y_Cri_du_Chat_r1,19,1,['Chr22'],2,2,896,"[448, 448]","['Chr1', 'Chr2', 'Chr3', 'Chr5', 'Chr6', 'Chr8', 'Chr10', 'Chr12', 'Chr13', 'Chr18']",{},0,False,0,0,0,[],0,0,0,5760,3.760422483423212,0,0,0,0,0,0,[],0,[],0
23Y_Cri_du_Chat_r1,2,1,['Chr4'],2,2,12372814,"[10096, 12362718]","['Chr1', 'Chr2', 'Chr3', 'Chr5', 'Chr6', 'Chr8', 'Chr10', 'Chr12', 'Chr13', 'Chr18']",{},0,False,0,0,0,[],0,0,0,3980,3.5998830720736876,0,0,0,0,0,0,[],0,[],0
23Y_Cri_du_Chat_r1,20,1,['ChrX'],1,1,5504,"[2752, 2752]","['Chr1', 'Chr2', 'Chr3', 'Chr5', 'Chr6', 'Chr8', 'Chr10', 'Chr12', 'Chr13', 'Chr18']",{},0,False,0,0,0,[],0,0,0,5282,3.722798396870905,0,0,0,0,0,0,[],0,[],0
23Y_Cri_du_Chat_r1,21,1,['ChrY'],1,1,5760,"[2880, 2880]","['Chr1', 'Chr2', 'Chr3', 'Chr5', 'Chr6', 'Chr8', 'Chr10', 'Chr12', 'Chr13', 'Chr18']",{},0,False,0,0,0,[],0,0,0,5282,3.722798396870905,0,0,0,0,0,0,[],0,[],0
23Y_Cri_du_Chat_r1,3,1,['Chr5'],2,2,3980,"[1990, 1990]","['Chr1', 'Chr2', 'Chr3', 'Chr5', 'Chr6', 'Chr8', 'Chr10', 'Chr12', 'Chr13', 'Chr18']","{'deletion': 1, 'tandem duplication': 1}",2,True,0,364934,9,[],0,0,0,376022,5.575213255031633,1,0,0,0,1,0,[12351104],2,[],0
23Y_Cri_du_Chat_r1,4,1,['Chr6'],2,2,400248,"[357707, 42541]","['Chr1', 'Chr2', 'Chr3', 'Chr5', 'Chr6', 'Chr8', 'Chr10', 'Chr12', 'Chr13', 'Chr18']",{'tandem duplication': 1},1,True,0,312904,2,[],0,0,0,357502,5.553278475749782,0,0,0,0,0,0,[],1,[],0
23Y_Cri_du_Chat_r1,5,1,['Chr7'],2,2,376226,"[344565, 31661]","['Chr1', 'Chr2', 'Chr3', 'Chr5', 'Chr6', 'Chr8', 'Chr10', 'Chr12', 'Chr13', 'Chr18']",{},0,False,0,0,0,[],0,0,0,1976,3.295786940251609,0,0,0,0,0,0,[],0,[],0
23Y_Cri_du_Chat_r1,6,1,['Chr9'],2,2,1976,"[988, 988]","['Chr1', 'Chr2', 'Chr3', 'Chr5', 'Chr6', 'Chr8', 'Chr10', 'Chr12', 'Chr13', 'Chr18']",{},0,False,0,0,0,[],0,0,0,504,2.7024305364455254,0,0,0,0,0,0,[],0,[],0
23Y_Cri_du_Chat_r1,7,1,['Chr10'],2,2,504,"[252, 252]","['Chr1', 'Chr2', 'Chr3', 'Chr5', 'Chr6', 'Chr8', 'Chr10', 'Chr12', 'Chr13', 'Chr18']",{'left duplication inversion': 1},1,True,0,0,0,"[('Chr10', 114848066, 'Chr10', 123880243)]",1,1,2,17915139,7.253220182119701,1,0,0,0,1,0,[8861627],1,"[('Chr10', 114840482, 'Chr10', 123879224)]",1
23Y_Cri_du_Chat_r1,8,1,['Chr11'],2,2,283487,"[234602, 48885]","['Chr1', 'Chr2', 'Chr3', 'Chr5', 'Chr6', 'Chr8', 'Chr10', 'Chr12', 'Chr13', 'Chr18']",{},0,False,0,0,0,[],0,0,0,14112,4.149588567787744,0,0,0,0,0,0,[],0,[],0
23Y_Cri_du_Chat_r1,9,2,"['Chr8', 'Chr12']",4,4,14112,"[7056, 7056]","['Chr1', 'Chr2', 'Chr3', 'Chr5', 'Chr6', 'Chr8', 'Chr10', 'Chr12', 'Chr13', 'Chr18']",{'balanced reciprocal translocation': 2},2,True,0,9292,8,[],0,0,0,7716,3.887392218971847,0,0,0,0,0,0,[],4,[],0
23Y_Cri_du_Chat_r2,0,1,['Chr1'],2,2,6176,"[3088, 3088]","['Chr3', 'Chr5', 'Chr5', 'Chr5', 'Chr6', 'Chr8', 'Chr9', 'Chr10', 'Chr13', 'Chr18']",{},0,False,0,0,0,[],0,0,0,6176,3.7907072873276797,0,0,0,0,0,0,[],0,[],0
23Y_Cri_du_Chat_r2,1,1,['Chr2'],2,2,4342,"[2171, 2171]","['Chr3', 'Chr5', 'Chr5', 'Chr5', 'Chr6', 'Chr8', 'Chr9', 'Chr10', 'Chr13', 'Chr18']",{},0,False,0,0,0,[],0,0,0,4342,3.637689819118401,0,0,0,0,0,0,[],0,[],0
23Y_Cri_du_Chat_r2,10,1,['Chr13'],2,2,178130065,"[178082777, 47288]","['Chr3', 'Chr5', 'Chr5', 'Chr5', 'Chr6', 'Chr8', 'Chr9', 'Chr10', 'Chr13', 'Chr18']",{'left duplication inversion': 1},1,True,0,131519,7,[],0,0,0,179705,5.254560160816266,0,0,0,0,0,0,[],1,[],0
23Y_Cri_du_Chat_r2,11,1,['Chr14'],2,2,20870,"[10435, 10435]","['Chr3', 'Chr5', 'Chr5', 'Chr5', 'Chr6', 'Chr8', 'Chr9', 'Chr10', 'Chr13', 'Chr18']",{},0,False,0,0,0,[],0,0,0,20870,4.319522449065454,0,0,0,0,0,0,[],0,[],0
23Y_Cri_du_Chat_r2,12,1,['Chr15'],2,2,9358,"[4679, 4679]","['Chr3', 'Chr5', 'Chr5', 'Chr5', 'Chr6', 'Chr8', 'Chr9', 'Chr10', 'Chr13', 'Chr18']",{},0,False,0,0,0,[],0,0,0,9358,3.9711830408561615,0,0,0,0,0,0,[],0,[],0
23Y_Cri_du_Chat_r2,13,1,['Chr16'],2,2,7186,"[3593, 3593]","['Chr3', 'Chr5', 'Chr5', 'Chr5', 'Chr6', 'Chr8', 'Chr9', 'Chr10', 'Chr13', 'Chr18']",{},0,False,0,0,0,[],0,0,0,7186,3.8564872128686307,0,0,0,0,0,0,[],0,[],0
23Y_Cri_du_Chat_r2,14,1,['Chr17'],2,2,2096,"[1048, 1048]","['Chr3', 'Chr5', 'Chr5', 'Chr5', 'Chr6', 'Chr8', 'Chr9', 'Chr10', 'Chr13', 'Chr18']",{},0,False,0,0,0,[],0,0,0,2096,3.321391278311689,0,0,0,0,0,0,[],0,[],0
23Y_Cri_du_Chat_r2,15,1,['Chr18'],2,2,84855,"[50262, 34593]","['Chr3', 'Chr5', 'Chr5', 'Chr5', 'Chr6', 'Chr8', 'Chr9', 'Chr10', 'Chr13', 'Chr18']",{'tandem duplication': 1},1,True,0,15669,2,[],0,0,0,47229,4.6742087501695515,0,0,0,0,0,0,[],1,[],0
23Y_Cri_du_Chat_r2,16,1,['Chr19'],2,2,3800,"[1900, 1900]","['Chr3', 'Chr5', 'Chr5', 'Chr5', 'Chr6', 'Chr8', 'Chr9', 'Chr10', 'Chr13', 'Chr18']",{},0,False,0,0,0,[],0,0,0,3800,3.57978359661681,0,0,0,0,0,0,[],0,[],0
23Y_Cri_du_Chat_r2,17,1,['Chr20'],2,2,896,"[448, 448]","['Chr3', 'Chr5', 'Chr5', 'Chr5', 'Chr6', 'Chr8', 'Chr9', 'Chr10', 'Chr13', 'Chr18']",{},0,False,0,0,0,[],0,0,0,896,2.9523080096621253,0,0,0,0,0,0,[],0,[],0
23Y_Cri_du_Chat_r2,18,1,['Chr21'],2,2,5504,"[2752, 2752]","['Chr3', 'Chr5', 'Chr5', 'Chr5', 'Chr6', 'Chr8', 'Chr9', 'Chr10', 'Chr13', 'Chr18']",{},0,False,0,0,0,[],0,0,0,5504,3.740678425227455,0,0,0,0,0,0,[],0,[],0
23Y_Cri_du_Chat_r2,19,1,['Chr22'],2,2,5760,"[2880, 2880]","['Chr3', 'Chr5', 'Chr5', 'Chr5', 'Chr6', 'Chr8', 'Chr9', 'Chr10', 'Chr13', 'Chr18']",{},0,False,0,0,0,[],0,0,0,5760,3.760422483423212,0,0,0,0,0,0,[],0,[],0
23Y_Cri_du_Chat_r2,2,1,['Chr3'],2,2,70252,"[39618, 30634]","['Chr3', 'Chr5', 'Chr5', 'Chr5', 'Chr6', 'Chr8', 'Chr9', 'Chr10', 'Chr13', 'Chr18']",{'deletion': 1},1,True,0,14222,2,[],0,0,0,29988,4.476947502174075,0,0,0,0,0,0,[],1,[],0
23Y_Cri_du_Chat_r2,20,1,['ChrX'],1,1,5282,[5282],"['Chr3', 'Chr5', 'Chr5', 'Chr5', 'Chr6', 'Chr8', 'Chr9', 'Chr10', 'Chr13', 'Chr18']",{},0,False,0,0,0,[],0,0,0,5282,3.722798396870905,0,0,0,0,0,0,[],0,[],0
23Y_Cri_du_Chat_r2,21,1,['ChrY'],1,1,5282,[5282],"['Chr3', 'Chr5', 'Chr5', 'Chr5', 'Chr6', 'Chr8', 'Chr9', 'Chr10', 'Chr13', 'Chr18']",{},0,False,0,0,0,[],0,0,0,5282,3.722798396870905,0,0,0,0,0,0,[],0,[],0
23Y_Cri_du_Chat_r2,3,1,['Chr4'],2,2,3980,"[1990, 1990]","['Chr3', 'Chr5', 'Chr5', 'Chr5', 'Chr6', 'Chr8', 'Chr9', 'Chr10', 'Chr13', 'Chr18']",{},0,False,0,0,0,[],0,0,0,3980,3.5998830720736876,0,0,0,0,0,0,[],0,[],0
23Y_Cri_du_Chat_r2,4,1,['Chr5'],4,7,642800391,"[334495169, 134992358, 173169336, 143528]","['Chr3', 'Chr5', 'Chr5', 'Chr5', 'Chr6', 'Chr8', 'Chr9', 'Chr10', 'Chr13', 'Chr18']","{'deletion': 1, 'arm tandem duplication': 1, 'chromosomal duplication': 1, 'right duplication inversion': 1}",4,True,3,243684,27,"[('Chr5', 9999, 'Chr5', 12533193), ('Chr5', 9999, 'Chr5', 46485901), ('Chr5', 9999, 'Chr5', 12533193)]",3,2,5,78346219,7.894018042195054,3,2,0,0,2,2,"[46146071, 116443, 888893]",4,[],0
23Y_Cri_du_Chat_r2,5,1,['Chr7'],2,2,1976,"[988, 988]","['Chr3', 'Chr5', 'Chr5', 'Chr5', 'Chr6', 'Chr8', 'Chr9', 'Chr10', 'Chr13', 'Chr18']",{},0,False,0,0,0,[],0,0,0,1976,3.295786940251609,0,0,0,0,0,0,[],0,[],0
23Y_Cri_du_Chat_r2,6,3,"['Chr6', 'Chr8', 'Chr9']",6,6,19125166,"[17993, 6081, 9527327, 9499155, 42600, 32010]","['Chr3', 'Chr5', 'Chr5', 'Chr5', 'Chr6', 'Chr8', 'Chr9', 'Chr10', 'Chr13', 'Chr18']","{'balanced reciprocal translocation': 2, 'inversion': 1, 'nonreciprocal translocation': 1}",4,True,0,57244,19,[],0,0,0,53668,4.729715411103169,0,0,0,0,0,0,[],9,[],0
23Y_Cri_du_Chat_r2,7,1,['Chr10'],2,2,12520,"[10365, 2155]","['Chr3', 'Chr5', 'Chr5', 'Chr5', 'Chr6', 'Chr8', 'Chr9', 'Chr10', 'Chr13', 'Chr18']",{'inversion': 1},1,True,0,8210,4,[],0,0,0,12516,4.097465554474156,0,0,0,0,0,0,[],2,[],0
23Y_Cri_du_Chat_r2,8,1,['Chr11'],2,2,14112,"[7056, 7056]","['Chr3', 'Chr5', 'Chr5', 'Chr5', 'Chr6', 'Chr8', 'Chr9', 'Chr10', 'Chr13', 'Chr18']",{},0,False,0,0,0,[],0,0,0,14112,4.149588567787744,0,0,0,0,0,0,[],0,[],0
23Y_Cri_du_Chat_r2,9,1,['Chr12'],2,2,2696,"[1348, 1348]","['Chr3', 'Chr5', 'Chr5', 'Chr5', 'Chr6', 'Chr8', 'Chr9', 'Chr10', 'Chr13', 'Chr18']",{},0,False,0,0,0,[],0,0,0,2696,3.4307198878632823,0,0,0,0,0,0,[],0,[],0
23Y_NF1_microdeletion_r1,0,1,['Chr1'],2,2,6176,"[3088, 3088]","['Chr2', 'Chr4', 'Chr5', 'Chr6', 'Chr8', 'Chr12', 'Chr14', 'Chr17']",{},0,False,0,0,0,[],0,0,0,6176,3.7907072873276797,0,0,0,0,0,0,[],0,[],0
23Y_NF1_microdeletion_r1,1,1,['Chr3'],2,2,1201863,"[34541, 1167322]","['Chr2', 'Chr4', 'Chr5', 'Chr6', 'Chr8', 'Chr12', 'Chr14', 'Chr17']",{},0,False,0,0,0,[],0,1,1,1148547,6.060148771775716,1,0,0,0,1,0,[1132780],0,[],0
23Y_NF1_microdeletion_r1,10,4,"['Chr2', 'Chr4', 'Chr5', 'Chr14']",8,8,4450,"[2225, 2225]","['Chr2', 'Chr4', 'Chr5', 'Chr6', 'Chr8', 'Chr12', 'Chr14', 'Chr17']","{'balanced reciprocal translocation': 8, 'left duplication inversion': 2, 'tandem duplication': 1, 'nonreciprocal translocation': 1}",12,True,0,235724,36,"[('Chr2', 24190577, 'Chr2', 187329514), ('Chr2', 193131550, 'Chr2', 28113968), ('Chr2', 32131513, 'Chr2', 36668071), ('Chr2', 180864470, 'Chr5', 145597540), ('Chr4', 52044956, 'Chr4', 60865953), ('Chr4', 65606084, 'Chr4', 60309497), ('Chr4', 60865952, 'Chr4', 52044957), ('Chr4', 60309496, 'Chr4', 65606085)]",8,6,14,150608874,8.177850561610311,4,1,0,0,3,1,"[73545, 138976043, 128089534, 15246805]",22,"[('Chr2', 24195157, 'Chr2', 187331705), ('Chr2', 24195158, 'Chr2', 187331704), ('Chr2', 180861029, 'Chr5', 145593953), ('Chr2', 180861030, 'Chr5', 145593952), ('Chr4', 60297381, 'Chr4', 65611038)]",5
23Y_NF1_microdeletion_r1,11,1,['Chr15'],2,2,119139574,"[108474273, 57874, 10605437, 1990]","['Chr2', 'Chr4', 'Chr5', 'Chr6', 'Chr8', 'Chr12', 'Chr14', 'Chr17']",{},0,False,0,0,0,[],0,0,0,9358,3.9711830408561615,0,0,0,0,0,0,[],0,[],0
23Y_NF1_microdeletion_r1,12,1,['Chr16'],2,2,71803747,"[15805, 71787942]","['Chr2', 'Chr4', 'Chr5', 'Chr6', 'Chr8', 'Chr12', 'Chr14', 'Chr17']",{},0,False,0,0,0,[],0,0,0,7186,3.8564872128686307,0,0,0,0,0,0,[],0,[],0
23Y_NF1_microdeletion_r1,13,1,['Chr17'],2,2,9358,"[4679, 4679]","['Chr2', 'Chr4', 'Chr5', 'Chr6', 'Chr8', 'Chr12', 'Chr14', 'Chr17']",{'deletion': 1},1,True,0,28052,2,[],0,0,0,43458,4.638069735584359,0,0,0,0,0,0,[],1,[],0
23Y_NF1_microdeletion_r1,14,1,['Chr18'],2,2,7186,"[3593, 3593]","['Chr2', 'Chr4', 'Chr5', 'Chr6', 'Chr8', 'Chr12', 'Chr14', 'Chr17']",{},0,False,0,0,0,[],0,0,0,13820,4.14050804303818,0,0,0,0,0,0,[],0,[],0
23Y_NF1_microdeletion_r1,15,1,['Chr19'],2,2,92422,"[46630, 45792]","['Chr2', 'Chr4', 'Chr5', 'Chr6', 'Chr8', 'Chr12', 'Chr14', 'Chr17']",{},0,False,0,0,0,[],0,0,0,3800,3.57978359661681,0,0,0,0,0,0,[],0,[],0
23Y_NF1_microdeletion_r1,16,1,['Chr20'],2,2,13820,"[6910, 6910]","['Chr2', 'Chr4', 'Chr5', 'Chr6', 'Chr8', 'Chr12', 'Chr14', 'Chr17']",{},0,False,0,0,0,[],0,0,0,896,2.9523080096621253,0,0,0,0,0,0,[],0,[],0
23Y_NF1_microdeletion_r1,17,1,['Chr21'],2,2,3800,"[1900, 1900]","['Chr2', 'Chr4', 'Chr5', 'Chr6', 'Chr8', 'Chr12', 'Chr14', 'Chr17']",{},0,False,0,0,0,[],0,0,0,5504,3.740678425227455,0,0,0,0,0,0,[],0,[],0
23Y_NF1_microdeletion_r1,18,1,['Chr22'],2,2,896,"[448, 448]","['Chr2', 'Chr4', 'Chr5', 'Chr6', 'Chr8', 'Chr12', 'Chr14', 'Chr17']",{},0,False,0,0,0,[],0,0,0,5760,3.760422483423212,0,0,0,0,0,0,[],0,[],0
23Y_NF1_microdeletion_r1,19,1,['ChrX'],1,1,5504,"[2752, 2752]","['Chr2', 'Chr4', 'Chr5', 'Chr6', 'Chr8', 'Chr12', 'Chr14', 'Chr17']",{},0,False,0,0,0,[],0,0,0,5282,3.722798396870905,0,0,0,0,0,0,[],0,[],0
23Y_NF1_microdeletion_r1,2,1,['Chr6'],2,2,58865093,"[22558, 58842535]","['Chr2', 'Chr4', 'Chr5', 'Chr6', 'Chr8', 'Chr12', 'Chr14', 'Chr17']","{'inversion': 1, 'right duplication inversion': 1, 'tandem duplication': 1}",3,True,0,94836,10,"[('Chr6', 135151611, 'Chr6', 132589795)]",1,3,4,11300854,7.053111264144774,1,0,0,0,1,0,[2922731],4,[],0
23Y_NF1_microdeletion_r1,20,1,['ChrY'],1,1,5760,"[2880, 2880]","['Chr2', 'Chr4', 'Chr5', 'Chr6', 'Chr8', 'Chr12', 'Chr14', 'Chr17']",{},0,False,0,0,0,[],0,0,0,5282,3.722798396870905,0,0,0,0,0,0,[],0,[],0
23Y_NF1_microdeletion_r1,3,1,['Chr7'],2,2,527050,"[460705, 66345]","['Chr2', 'Chr4', 'Chr5', 'Chr6', 'Chr8', 'Chr12', 'Chr14', 'Chr17']",{},0,False,0,0,0,[],0,0,0,1976,3.295786940251609,0,0,0,0,0,0,[],0,[],0
23Y_NF1_microdeletion_r1,4,1,['Chr8'],2,2,1976,"[988, 988]","['Chr2', 'Chr4', 'Chr5', 'Chr6', 'Chr8', 'Chr12', 'Chr14', 'Chr17']","{'inversion': 1, 'right duplication inversion': 1}",2,True,0,61111,5,"[('Chr8', 142772668, 'Chr8', 145078636), ('Chr8', 142772667, 'Chr8', 145078635)]",2,0,2,4672865,6.669583234351521,1,0,0,0,0,0,[50864],3,[],0
23Y_NF1_microdeletion_r1,5,1,['Chr9'],2,2,4791953,"[4744727, 47226]","['Chr2', 'Chr4', 'Chr5', 'Chr6', 'Chr8', 'Chr12', 'Chr14', 'Chr17']",{},0,False,0,0,0,[],0,0,0,504,2.7024305364455254,0,0,0,0,0,0,[],0,[],0
23Y_NF1_microdeletion_r1,6,1,['Chr10'],2,2,504,"[252, 252]","['Chr2', 'Chr4', 'Chr5', 'Chr6', 'Chr8', 'Chr12', 'Chr14', 'Chr17']",{},0,False,0,0,0,[],0,0,0,4310,3.6344772701607315,0,0,0,0,0,0,[],0,[],0
23Y_NF1_microdeletion_r1,7,1,['Chr11'],2,2,4310,"[2155, 2155]","['Chr2', 'Chr4', 'Chr5', 'Chr6', 'Chr8', 'Chr12', 'Chr14', 'Chr17']",{},0,False,0,0,0,[],0,0,0,14112,4.149588567787744,0,0,0,0,0,0,[],0,[],0
23Y_NF1_microdeletion_r1,8,1,['Chr12'],2,3,14112,"[7056, 7056]","['Chr2', 'Chr4', 'Chr5', 'Chr6', 'Chr8', 'Chr12', 'Chr14', 'Chr17']","{'left duplication inversion': 1, 'inversion': 1}",2,True,1,4906,4,"[('Chr12', 124180784, 'Chr12', 133265308)]",1,0,1,18070577,7.256972019960784,0,0,0,0,0,0,[],3,[],0
23Y_NF1_microdeletion_r1,9,1,['Chr13'],2,2,18082325,"[9101216, 11786, 8969323]","['Chr2', 'Chr4', 'Chr5', 'Chr6', 'Chr8', 'Chr12', 'Chr14', 'Chr17']",{},0,False,0,0,0,[],0,0,0,4450,3.6483600109809315,0,0,0,0,0,0,[],0,[],0
23Y_NF1_microdeletion_r2,0,1,['Chr2'],2,2,4342,"[2171, 2171]","['Chr1', 'Chr3', 'Chr6', 'Chr7', 'Chr8', 'Chr9', 'Chr9', 'Chr10', 'Chr12', 'Chr14', 'Chr15', 'Chr17', 'Chr20']",{},0,False,0,0,0,[],0,0,0,4342,3.637689819118401,0,0,0,0,0,0,[],0,[],0
23Y_NF1_microdeletion_r2,1,1,['Chr3'],2,2,398142855,"[2130374, 396012481]","['Chr1', 'Chr3', 'Chr6', 'Chr7', 'Chr8', 'Chr9', 'Chr9', 'Chr10', 'Chr12', 'Chr14', 'Chr15', 'Chr17', 'Chr20']",{'arm deletion': 1},1,True,0,12364,2,"[('Chr3', 93655574, 'Chr3', 198235559)]",1,0,1,1732229,6.238605305038264,0,0,0,0,0,0,[],1,[],0
23Y_NF1_microdeletion_r2,10,1,['Chr13'],2,2,4450,"[2225, 2225]","['Chr1', 'Chr3', 'Chr6', 'Chr7', 'Chr8', 'Chr9', 'Chr9', 'Chr10', 'Chr12', 'Chr14', 'Chr15', 'Chr17', 'Chr20']",{},0,False,0,0,0,[],0,0,0,4450,3.6483600109809315,0,0,0,0,0,0,[],0,[],0
23Y_NF1_microdeletion_r2,11,2,"['Chr9', 'Chr14']",5,4,438190996,"[128564, 231091236, 108694359, 9566642, 88710195]","['Chr1', 'Chr3', 'Chr6', 'Chr7', 'Chr8', 'Chr9', 'Chr9', 'Chr10', 'Chr12', 'Chr14', 'Chr15', 'Chr17', 'Chr20']","{'chromosomal duplication': 1, 'balanced reciprocal translocation': 2, 'tandem duplication': 1, 'left duplication inversion': 1}",5,True,-1,592831,42,[],0,5,5,30004649,7.477188550673694,6,0,0,0,5,0,"[7747277, 81006, -1, -1, 644542, 68442546]",7,[],0
23Y_NF1_microdeletion_r2,12,1,['Chr15'],2,2,178910146,"[7236334, 171673812]","['Chr1', 'Chr3', 'Chr6', 'Chr7', 'Chr8', 'Chr9', 'Chr9', 'Chr10', 'Chr12', 'Chr14', 'Chr15', 'Chr17', 'Chr20']",{'tandem duplication': 1},1,True,0,126354,7,[],0,0,0,135712,5.132618250779616,1,0,0,0,0,0,[80764],1,[],0
23Y_NF1_microdeletion_r2,13,1,['Chr16'],2,2,7186,"[3593, 3593]","['Chr1', 'Chr3', 'Chr6', 'Chr7', 'Chr8', 'Chr9', 'Chr9', 'Chr10', 'Chr12', 'Chr14', 'Chr15', 'Chr17', 'Chr20']",{},0,False,0,0,0,[],0,0,0,7186,3.8564872128686307,0,0,0,0,0,0,[],0,[],0
23Y_NF1_microdeletion_r2,14,1,['Chr17'],2,2,133635,"[98390, 35245]","['Chr1', 'Chr3', 'Chr6', 'Chr7', 'Chr8', 'Chr9', 'Chr9', 'Chr10', 'Chr12', 'Chr14', 'Chr15', 'Chr17', 'Chr20']",{'deletion': 1},1,True,0,63879,2,[],0,0,0,79285,4.899191030527895,0,0,0,0,0,0,[],1,[],0
23Y_NF1_microdeletion_r2,15,1,['Chr18'],2,2,13820,"[6910, 6910]","['Chr1', 'Chr3', 'Chr6', 'Chr7', 'Chr8', 'Chr9', 'Chr9', 'Chr10', 'Chr12', 'Chr14', 'Chr15', 'Chr17', 'Chr20']",{},0,False,0,0,0,[],0,0,0,13820,4.14050804303818,0,0,0,0,0,0,[],0,[],0
23Y_NF1_microdeletion_r2,16,1,['Chr19'],2,2,3800,"[1900, 1900]","['Chr1', 'Chr3', 'Chr6', 'Chr7', 'Chr8', 'Chr9', 'Chr9', 'Chr10', 'Chr12', 'Chr14', 'Chr15', 'Chr17', 'Chr20']",{},0,False,0,0,0,[],0,0,0,3800,3.57978359661681,0,0,0,0,0,0,[],0,[],0
23Y_NF1_microdeletion_r2,17,1,['Chr20'],2,2,293567,"[273167, 20400]","['Chr1', 'Chr3', 'Chr6', 'Chr7', 'Chr8', 'Chr9', 'Chr9', 'Chr10', 'Chr12', 'Chr14', 'Chr15', 'Chr17', 'Chr20']",{'deletion': 1},1,True,0,276293,2,[],0,0,0,277191,5.442779125240669,1,0,0,0,1,0,[1879422],1,[],0
23Y_NF1_microdeletion_r2,18,1,['Chr21'],2,2,5504,"[2752, 2752]","['Chr1', 'Chr3', 'Chr6', 'Chr7', 'Chr8', 'Chr9', 'Chr9', 'Chr10', 'Chr12', 'Chr14', 'Chr15', 'Chr17', 'Chr20']",{},0,False,0,0,0,[],0,0,0,5504,3.740678425227455,0,0,0,0,0,0,[],0,[],0
23Y_NF1_microdeletion_r2,19,1,['Chr22'],2,2,5760,"[2880, 2880]","['Chr1', 'Chr3', 'Chr6', 'Chr7', 'Chr8', 'Chr9', 'Chr9', 'Chr10', 'Chr12', 'Chr14', 'Chr15', 'Chr17', 'Chr20']",{},0,False,0,0,0,[],0,0,0,5760,3.760422483423212,0,0,0,0,0,0,[],0,[],0
23Y_NF1_microdeletion_r2,2,1,['Chr4'],2,2,3980,"[1990, 1990]","['Chr1', 'Chr3', 'Chr6', 'Chr7', 'Chr8', 'Chr9', 'Chr9', 'Chr10', 'Chr12', 'Chr14', 'Chr15', 'Chr17', 'Chr20']",{},0,False,0,0,0,[],0,0,0,3980,3.5998830720736876,0,0,0,0,0,0,[],0,[],0
23Y_NF1_microdeletion_r2,20,1,['ChrX'],1,1,5282,[5282],"['Chr1', 'Chr3', 'Chr6', 'Chr7', 'Chr8', 'Chr9', 'Chr9', 'Chr10', 'Chr12', 'Chr14', 'Chr15', 'Chr17', 'Chr20']",{},0,False,0,0,0,[],0,0,0,5282,3.722798396870905,0,0,0,0,0,0,[],0,[],0
23Y_NF1_microdeletion_r2,21,1,['ChrY'],1,1,5282,[5282],"['Chr1', 'Chr3', 'Chr6', 'Chr7', 'Chr8', 'Chr9', 'Chr9', 'Chr10', 'Chr12', 'Chr14', 'Chr15', 'Chr17', 'Chr20']",{},0,False,0,0,0,[],0,0,0,5282,3.722798396870905,0,0,0,0,0,0,[],0,[],0
23Y_NF1_microdeletion_r2,3,1,['Chr5'],2,2,11088,"[5544, 5544]","['Chr1', 'Chr3', 'Chr6', 'Chr7', 'Chr8', 'Chr9', 'Chr9', 'Chr10', 'Chr12', 'Chr14', 'Chr15', 'Chr17', 'Chr20']",{},0,False,0,0,0,[],0,0,0,11088,4.044853217267732,0,0,0,0,0,0,[],0,[],0
23Y_NF1_microdeletion_r2,4,1,['Chr6'],2,2,37228,"[31147, 6081]","['Chr1', 'Chr3', 'Chr6', 'Chr7', 'Chr8', 'Chr9', 'Chr9', 'Chr10', 'Chr12', 'Chr14', 'Chr15', 'Chr17', 'Chr20']",{'balanced reciprocal translocation': 2},2,True,0,25066,8,[],0,0,0,12162,4.085004999076652,0,0,0,0,0,0,[],4,[],0
23Y_NF1_microdeletion_r2,5,2,"['Chr1', 'Chr7']",3,4,18563491,"[18282281, 8828, 988, 271394]","['Chr1', 'Chr3', 'Chr6', 'Chr7', 'Chr8', 'Chr9', 'Chr9', 'Chr10', 'Chr12', 'Chr14', 'Chr15', 'Chr17', 'Chr20']","{'nonreciprocal translocation': 1, 'chromosomal deletion': 1}",2,True,1,8446,7,[],0,1,1,21962901,7.341689703951156,1,1,1,0,1,1,[105390107],2,[],0
23Y_NF1_microdeletion_r2,6,1,['Chr8'],2,2,91929115,"[91132602, 796513]","['Chr1', 'Chr3', 'Chr6', 'Chr7', 'Chr8', 'Chr9', 'Chr9', 'Chr10', 'Chr12', 'Chr14', 'Chr15', 'Chr17', 'Chr20']","{'deletion': 1, 'arm deletion': 1}",2,True,0,0,0,"[('Chr8', 45877265, 'Chr8', 145078636)]",1,2,3,751649,5.876015084009598,2,2,0,0,2,2,"[83887742, 14565593]",1,[],0
23Y_NF1_microdeletion_r2,7,1,['Chr10'],2,2,162864,"[93431, 69433]","['Chr1', 'Chr3', 'Chr6', 'Chr7', 'Chr8', 'Chr9', 'Chr9', 'Chr10', 'Chr12', 'Chr14', 'Chr15', 'Chr17', 'Chr20']",{'deletion': 2},2,True,0,46440,5,[],0,0,0,67782,4.831114379139147,0,0,0,0,0,0,[],2,[],0
23Y_NF1_microdeletion_r2,8,1,['Chr11'],2,2,14112,"[7056, 7056]","['Chr1', 'Chr3', 'Chr6', 'Chr7', 'Chr8', 'Chr9', 'Chr9', 'Chr10', 'Chr12', 'Chr14', 'Chr15', 'Chr17', 'Chr20']",{},0,False,0,0,0,[],0,0,0,14112,4.149588567787744,0,0,0,0,0,0,[],0,[],0
23Y_NF1_microdeletion_r2,9,1,['Chr12'],2,2,64362,"[45007, 19355]","['Chr1', 'Chr3', 'Chr6', 'Chr7', 'Chr8', 'Chr9', 'Chr9', 'Chr10', 'Chr12', 'Chr14', 'Chr15', 'Chr17', 'Chr20']",{'tandem duplication': 1},1,True,0,25652,2,[],0,0,0,37488,4.5738922712528876,0,0,0,0,0,0,[],1,[],0
23Y_Potocki_Shaffer_r1,0,1,['Chr1'],2,2,6176,"[3088, 3088]","['Chr2', 'Chr3', 'Chr4', 'Chr6', 'Chr8', 'Chr9', 'Chr10', 'Chr11', 'Chr15', 'Chr16', 'Chr20']",{},0,False,0,0,0,[],0,0,0,6176,3.7907072873276797,0,0,0,0,0,0,[],0,[],0
23Y_Potocki_Shaffer_r1,1,1,['Chr2'],2,2,149556,"[122733, 26823]","['Chr2', 'Chr3', 'Chr4', 'Chr6', 'Chr8', 'Chr9', 'Chr10', 'Chr11', 'Chr15', 'Chr16', 'Chr20']",{'right duplication inversion': 1},1,True,0,100423,5,[],0,0,0,116614,5.066750692427798,1,0,0,0,0,0,[87596],1,[],0
23Y_Potocki_Shaffer_r1,10,1,['Chr13'],2,2,4450,"[2225, 2225]","['Chr2', 'Chr3', 'Chr4', 'Chr6', 'Chr8', 'Chr9', 'Chr10', 'Chr11', 'Chr15', 'Chr16', 'Chr20']",{},0,False,0,0,0,[],0,0,0,4450,3.6483600109809315,0,0,0,0,0,0,[],0,[],0
23Y_Potocki_Shaffer_r1,11,1,['Chr14'],2,2,20870,"[10435, 10435]","['Chr2', 'Chr3', 'Chr4', 'Chr6', 'Chr8', 'Chr9', 'Chr10', 'Chr11', 'Chr15', 'Chr16', 'Chr20']",{},0,False,0,0,0,[],0,0,0,20870,4.319522449065454,0,0,0,0,0,0,[],0,[],0
23Y_Potocki_Shaffer_r1,12,2,"['Chr11', 'Chr15']",4,4,20185769,"[10144256, 13015, 8592, 10019906]","['Chr2', 'Chr3', 'Chr4', 'Chr6', 'Chr8', 'Chr9', 'Chr10', 'Chr11', 'Chr15', 'Chr16', 'Chr20']","{'deletion': 1, 'nonreciprocal translocation': 1}",2,True,0,126089,9,[],0,0,0,137239,5.137477544883523,0,0,0,0,0,0,[],4,[],0
23Y_Potocki_Shaffer_r1,13,1,['Chr16'],2,2,177738024,"[90218345, 87519679]","['Chr2', 'Chr3', 'Chr4', 'Chr6', 'Chr8', 'Chr9', 'Chr10', 'Chr11', 'Chr15', 'Chr16', 'Chr20']",{'inversion': 1},1,True,0,13453,2,"[('Chr16', 87535946, 'Chr16', 90228345)]",1,0,1,26902,4.429784568354671,0,0,0,0,0,0,[],2,"[('Chr16', 87526085, 'Chr16', 90224751)]",1
23Y_Potocki_Shaffer_r1,14,1,['Chr17'],2,2,2096,"[1048, 1048]","['Chr2', 'Chr3', 'Chr4', 'Chr6', 'Chr8', 'Chr9', 'Chr10', 'Chr11', 'Chr15', 'Chr16', 'Chr20']",{},0,False,0,0,0,[],0,0,0,2096,3.321391278311689,0,0,0,0,0,0,[],0,[],0
23Y_Potocki_Shaffer_r1,15,1,['Chr18'],2,2,13820,"[6910, 6910]","['Chr2', 'Chr3', 'Chr4', 'Chr6', 'Chr8', 'Chr9', 'Chr10', 'Chr11', 'Chr15', 'Chr16', 'Chr20']",{},0,False,0,0,0,[],0,0,0,13820,4.14050804303818,0,0,0,0,0,0,[],0,[],0
23Y_Potocki_Shaffer_r1,16,1,['Chr19'],2,2,3800,"[1900, 1900]","['Chr2', 'Chr3', 'Chr4', 'Chr6', 'Chr8', 'Chr9', 'Chr10', 'Chr11', 'Chr15', 'Chr16', 'Chr20']",{},0,False,0,0,0,[],0,0,0,3800,3.57978359661681,0,0,0,0,0,0,[],0,[],0
23Y_Potocki_Shaffer_r1,17,1,['Chr20'],2,2,106812424,"[72549112, 34263312]","['Chr2', 'Chr3', 'Chr4', 'Chr6', 'Chr8', 'Chr9', 'Chr10', 'Chr11', 'Chr15', 'Chr16', 'Chr20']","{'inversion': 1, 'tandem duplication': 1}",2,True,0,25472,6,[],0,0,0,46678,4.669112239670427,0,0,0,0,0,0,[],3,[],0
23Y_Potocki_Shaffer_r1,18,1,['Chr21'],2,2,5504,"[2752, 2752]","['Chr2', 'Chr3', 'Chr4', 'Chr6', 'Chr8', 'Chr9', 'Chr10', 'Chr11', 'Chr15', 'Chr16', 'Chr20']",{},0,False,0,0,0,[],0,0,0,5504,3.740678425227455,0,0,0,0,0,0,[],0,[],0
23Y_Potocki_Shaffer_r1,19,1,['Chr22'],2,2,5760,"[2880, 2880]","['Chr2', 'Chr3', 'Chr4', 'Chr6', 'Chr8', 'Chr9', 'Chr10', 'Chr11', 'Chr15', 'Chr16', 'Chr20']",{},0,False,0,0,0,[],0,0,0,5760,3.760422483423212,0,0,0,0,0,0,[],0,[],0
23Y_Potocki_Shaffer_r1,2,1,['Chr3'],1,2,395665859,"[197990545, 197675314]","['Chr2', 'Chr3', 'Chr4', 'Chr6', 'Chr8', 'Chr9', 'Chr10', 'Chr11', 'Chr15', 'Chr16', 'Chr20']",{'chromosomal deletion': 1},1,True,1,27898,6,[],0,1,1,1691448,6.228258650861692,1,1,0,0,1,1,[90277925],0,[],0
23Y_Potocki_Shaffer_r1,20,1,['ChrX'],1,1,5282,[5282],"['Chr2', 'Chr3', 'Chr4', 'Chr6', 'Chr8', 'Chr9', 'Chr10', 'Chr11', 'Chr15', 'Chr16', 'Chr20']",{},0,False,0,0,0,[],0,0,0,5282,3.722798396870905,0,0,0,0,0,0,[],0,[],0
23Y_Potocki_Shaffer_r1,21,1,['ChrY'],1,1,5282,[5282],"['Chr2', 'Chr3', 'Chr4', 'Chr6', 'Chr8', 'Chr9', 'Chr10', 'Chr11', 'Chr15', 'Chr16', 'Chr20']",{},0,False,0,0,0,[],0,0,0,5282,3.722798396870905,0,0,0,0,0,0,[],0,[],0
23Y_Potocki_Shaffer_r1,3,1,['Chr4'],2,2,143847,"[116705, 27142]","['Chr2', 'Chr3', 'Chr4', 'Chr6', 'Chr8', 'Chr9', 'Chr10', 'Chr11', 'Chr15', 'Chr16', 'Chr20']",{'deletion': 1},1,True,0,89563,2,[],0,0,0,99517,4.997897275474923,0,0,0,0,0,0,[],1,[],0
23Y_Potocki_Shaffer_r1,4,1,['Chr5'],2,2,11088,"[5544, 5544]","['Chr2', 'Chr3', 'Chr4', 'Chr6', 'Chr8', 'Chr9', 'Chr10', 'Chr11', 'Chr15', 'Chr16', 'Chr20']",{},0,False,0,0,0,[],0,0,0,11088,4.044853217267732,0,0,0,0,0,0,[],0,[],0
23Y_Potocki_Shaffer_r1,5,1,['Chr6'],2,2,86926,"[49548, 37378]","['Chr2', 'Chr3', 'Chr4', 'Chr6', 'Chr8', 'Chr9', 'Chr10', 'Chr11', 'Chr15', 'Chr16', 'Chr20']",{'deletion': 1},1,True,0,21886,2,[],0,0,0,66484,4.822717140825213,0,0,0,0,0,0,[],1,[],0
23Y_Potocki_Shaffer_r1,6,1,['Chr7'],2,2,1976,"[988, 988]","['Chr2', 'Chr3', 'Chr4', 'Chr6', 'Chr8', 'Chr9', 'Chr10', 'Chr11', 'Chr15', 'Chr16', 'Chr20']",{},0,False,0,0,0,[],0,0,0,1976,3.295786940251609,0,0,0,0,0,0,[],0,[],0
23Y_Potocki_Shaffer_r1,7,1,['Chr8'],2,2,10665410,"[10648649, 16761]","['Chr2', 'Chr3', 'Chr4', 'Chr6', 'Chr8', 'Chr9', 'Chr10', 'Chr11', 'Chr15', 'Chr16', 'Chr20']","{'inversion': 2, 'deletion': 1}",3,True,0,6310,6,"[('Chr8', 60000, 'Chr8', 5380800), ('Chr8', 59999, 'Chr8', 5380799)]",2,0,2,10652924,7.027468828692323,1,0,0,0,1,0,[7262781],5,[],0
23Y_Potocki_Shaffer_r1,8,2,"['Chr9', 'Chr10']",4,4,521488253,"[360801857, 27582672, 133068943, 34781]","['Chr2', 'Chr3', 'Chr4', 'Chr6', 'Chr8', 'Chr9', 'Chr10', 'Chr11', 'Chr15', 'Chr16', 'Chr20']","{'left duplication inversion': 2, 'deletion': 1, 'nonreciprocal translocation': 1}",4,True,0,255771,18,[],0,0,0,4200970,6.6233495801618965,3,0,0,0,2,0,"[106893, 4799540, 5602891]",6,[],0
23Y_Potocki_Shaffer_r1,9,1,['Chr12'],2,2,2696,"[1348, 1348]","['Chr2', 'Chr3', 'Chr4', 'Chr6', 'Chr8', 'Chr9', 'Chr10', 'Chr11', 'Chr15', 'Chr16', 'Chr20']",{},0,False,0,0,0,[],0,0,0,2696,3.4307198878632823,0,0,0,0,0,0,[],0,[],0
23Y_Potocki_Shaffer_r2,0,1,['Chr1'],2,2,55929,"[31963, 23966]","['Chr1', 'Chr2', 'Chr3', 'Chr5', 'Chr6', 'Chr7', 'Chr8', 'Chr10', 'Chr11', 'Chr15', 'Chr20']",{'deletion': 1},1,True,0,100037,3,[],0,0,0,115123,5.0611620983926695,1,0,0,0,1,0,[7977272],1,[],0
23Y_Potocki_Shaffer_r2,1,1,['Chr2'],2,2,475027076,"[232853547, 242173529]","['Chr1', 'Chr2', 'Chr3', 'Chr5', 'Chr6', 'Chr7', 'Chr8', 'Chr10', 'Chr11', 'Chr15', 'Chr20']",{'inversion': 1},1,True,0,4308,2,"[('Chr2', 9999, 'Chr2', 9332251)]",1,0,1,12954,4.112403892717874,0,0,0,0,0,0,[],2,"[('Chr2', 7962, 'Chr2', 9334522)]",1
23Y_Potocki_Shaffer_r2,10,1,['Chr14'],2,2,20870,"[10435, 10435]","['Chr1', 'Chr2', 'Chr3', 'Chr5', 'Chr6', 'Chr7', 'Chr8', 'Chr10', 'Chr11', 'Chr15', 'Chr20']",{},0,False,0,0,0,[],0,0,0,20870,4.319522449065454,0,0,0,0,0,0,[],0,[],0
23Y_Potocki_Shaffer_r2,11,2,"['Chr6', 'Chr15']",4,4,205524674,"[105209400, 36552, 100274043, 4679]","['Chr1', 'Chr2', 'Chr3', 'Chr5', 'Chr6', 'Chr7', 'Chr8', 'Chr10', 'Chr11', 'Chr15', 'Chr20']","{'right duplication inversion': 1, 'nonreciprocal translocation': 1}",2,True,0,8692,7,"[('Chr6', 148559148, 'Chr6', 154453378)]",1,1,2,11517950,7.0613751889038,2,0,0,0,2,0,"[4579027, 5569771]",4,"[('Chr6', 148570170, 'Chr6', 154459018)]",1
23Y_Potocki_Shaffer_r2,12,1,['Chr16'],2,2,7186,"[3593, 3593]","['Chr1', 'Chr2', 'Chr3', 'Chr5', 'Chr6', 'Chr7', 'Chr8', 'Chr10', 'Chr11', 'Chr15', 'Chr20']",{},0,False,0,0,0,[],0,0,0,7186,3.8564872128686307,0,0,0,0,0,0,[],0,[],0
23Y_Potocki_Shaffer_r2,13,1,['Chr17'],2,2,2096,"[1048, 1048]","['Chr1', 'Chr2', 'Chr3', 'Chr5', 'Chr6', 'Chr7', 'Chr8', 'Chr10', 'Chr11', 'Chr15', 'Chr20']",{},0,False,0,0,0,[],0,0,0,2096,3.321391278311689,0,0,0,0,0,0,[],0,[],0
23Y_Potocki_Shaffer_r2,14,1,['Chr18'],2,2,13820,"[6910, 6910]","['Chr1', 'Chr2', 'Chr3', 'Chr5', 'Chr6', 'Chr7', 'Chr8', 'Chr10', 'Chr11', 'Chr15', 'Chr20']",{},0,False,0,0,0,[],0,0,0,13820,4.14050804303818,0,0,0,0,0,0,[],0,[],0
23Y_Potocki_Shaffer_r2,15,1,['Chr19'],2,2,3800,"[1900, 1900]","['Chr1', 'Chr2', 'Chr3', 'Chr5', 'Chr6', 'Chr7', 'Chr8', 'Chr10', 'Chr11', 'Chr15', 'Chr20']",{},0,False,0,0,0,[],0,0,0,3800,3.57978359661681,0,0,0,0,0,0,[],0,[],0
23Y_Potocki_Shaffer_r2,16,1,['Chr20'],2,2,9058304,"[4746234, 4312070]","['Chr1', 'Chr2', 'Chr3', 'Chr5', 'Chr6', 'Chr7', 'Chr8', 'Chr10', 'Chr11', 'Chr15', 'Chr20']",{'right duplication inversion': 1},1,True,0,0,0,"[('Chr20', 38708903, 'Chr20', 43406575)]",1,1,2,8982384,6.953391617361775,1,0,0,0,1,0,[4263507],1,"[('Chr20', 38709037, 'Chr20', 43409480)]",1
23Y_Potocki_Shaffer_r2,17,1,['Chr21'],2,2,5504,"[2752, 2752]","['Chr1', 'Chr2', 'Chr3', 'Chr5', 'Chr6', 'Chr7', 'Chr8', 'Chr10', 'Chr11', 'Chr15', 'Chr20']",{},0,False,0,0,0,[],0,0,0,5504,3.740678425227455,0,0,0,0,0,0,[],0,[],0
23Y_Potocki_Shaffer_r2,18,1,['Chr22'],2,2,5760,"[2880, 2880]","['Chr1', 'Chr2', 'Chr3', 'Chr5', 'Chr6', 'Chr7', 'Chr8', 'Chr10', 'Chr11', 'Chr15', 'Chr20']",{},0,False,0,0,0,[],0,0,0,5760,3.760422483423212,0,0,0,0,0,0,[],0,[],0
23Y_Potocki_Shaffer_r2,19,1,['ChrX'],1,1,5282,[5282],"['Chr1', 'Chr2', 'Chr3', 'Chr5', 'Chr6', 'Chr7', 'Chr8', 'Chr10', 'Chr11', 'Chr15', 'Chr20']",{},0,False,0,0,0,[],0,0,0,5282,3.722798396870905,0,0,0,0,0,0,[],0,[],0
23Y_Potocki_Shaffer_r2,2,1,['Chr3'],2,2,6031840,"[5965599, 66241]","['Chr1', 'Chr2', 'Chr3', 'Chr5', 'Chr6', 'Chr7', 'Chr8', 'Chr10', 'Chr11', 'Chr15', 'Chr20']","{'tandem duplication': 1, 'deletion': 1, 'inversion': 1}",3,True,0,102664,8,"[('Chr3', 10000, 'Chr3', 2933329), ('Chr3', 9999, 'Chr3', 2933328)]",2,0,2,5959244,6.775191167885626,0,0,0,0,0,0,[],4,[],0
23Y_Potocki_Shaffer_r2,20,1,['ChrY'],1,1,5282,[5282],"['Chr1', 'Chr2', 'Chr3', 'Chr5', 'Chr6', 'Chr7', 'Chr8', 'Chr10', 'Chr11', 'Chr15', 'Chr20']",{},0,False,0,0,0,[],0,0,0,5282,3.722798396870905,0,0,0,0,0,0,[],0,[],0
23Y_Potocki_Shaffer_r2,3,1,['Chr4'],2,2,3980,"[1990, 1990]","['Chr1', 'Chr2', 'Chr3', 'Chr5', 'Chr6', 'Chr7', 'Chr8', 'Chr10', 'Chr11', 'Chr15', 'Chr20']",{},0,False,0,0,0,[],0,0,0,3980,3.5998830720736876,0,0,0,0,0,0,[],0,[],0
23Y_Potocki_Shaffer_r2,4,3,"['Chr5', 'Chr7', 'Chr8']",6,6,266111571,"[123345863, 23119, 9735163, 9875441, 5383, 123126602]","['Chr1', 'Chr2', 'Chr3', 'Chr5', 'Chr6', 'Chr7', 'Chr8', 'Chr10', 'Chr11', 'Chr15', 'Chr20']","{'inversion': 1, 'balanced reciprocal translocation': 2, 'deletion': 1, 'nonreciprocal translocation': 1, 'right duplication inversion': 2}",7,True,0,790161,29,"[('Chr5', 125666565, 'Chr7', 46774147)]",1,2,3,2872524,6.458263665915248,4,2,0,0,3,2,"[1003225, -1, 299752, 98559]",13,"[('Chr5', 125666047, 'Chr7', 46823767), ('Chr5', 125666048, 'Chr7', 46788339)]",2
23Y_Potocki_Shaffer_r2,5,1,['Chr9'],2,2,504,"[252, 252]","['Chr1', 'Chr2', 'Chr3', 'Chr5', 'Chr6', 'Chr7', 'Chr8', 'Chr10', 'Chr11', 'Chr15', 'Chr20']",{},0,False,0,0,0,[],0,0,0,504,2.7024305364455254,0,0,0,0,0,0,[],0,[],0
23Y_Potocki_Shaffer_r2,6,1,['Chr10'],2,2,2157958,"[2155803, 2155]","['Chr1', 'Chr2', 'Chr3', 'Chr5', 'Chr6', 'Chr7', 'Chr8', 'Chr10', 'Chr11', 'Chr15', 'Chr20']",{'inversion': 1},1,True,0,16298,4,[],0,2,2,2157952,6.334041780306589,0,0,0,0,0,0,[],2,[],0
23Y_Potocki_Shaffer_r2,7,1,['Chr11'],2,2,150077,"[131847, 18230]","['Chr1', 'Chr2', 'Chr3', 'Chr5', 'Chr6', 'Chr7', 'Chr8', 'Chr10', 'Chr11', 'Chr15', 'Chr20']",{'deletion': 1},1,True,0,113617,2,[],0,0,0,128647,5.109399663079308,0,0,0,0,0,0,[],1,[],0
23Y_Potocki_Shaffer_r2,8,1,['Chr12'],2,2,2696,"[1348, 1348]","['Chr1', 'Chr2', 'Chr3', 'Chr5', 'Chr6', 'Chr7', 'Chr8', 'Chr10', 'Chr11', 'Chr15', 'Chr20']",{},0,False,0,0,0,[],0,0,0,2696,3.4307198878632823,0,0,0,0,0,0,[],0,[],0
23Y_Potocki_Shaffer_r2,9,1,['Chr13'],2,2,4450,"[2225, 2225]","['Chr1', 'Chr2', 'Chr3', 'Chr5', 'Chr6', 'Chr7', 'Chr8', 'Chr10', 'Chr11', 'Chr15', 'Chr20']",{},0,False,0,0,0,[],0,0,0,4450,3.6483600109809315,0,0,0,0,0,0,[],0,[],0
23Y_WAGR_11p13_deletion_r1,0,1,['Chr1'],2,2,6176,"[3088, 3088]","['Chr2', 'Chr4', 'Chr9', 'Chr9', 'Chr10', 'Chr11', 'Chr12', 'Chr13', 'Chr20']",{},0,False,0,0,0,[],0,0,0,6176,3.7907072873276797,0,0,0,0,0,0,[],0,[],0
23Y_WAGR_11p13_deletion_r1,1,1,['Chr2'],2,2,174426,"[113009, 61417]","['Chr2', 'Chr4', 'Chr9', 'Chr9', 'Chr10', 'Chr11', 'Chr12', 'Chr13', 'Chr20']","{'deletion': 2, 'inversion': 1}",3,True,0,210343,11,[],0,0,0,226533,5.355131476432612,1,0,0,0,1,0,[6411038],4,[],0
23Y_WAGR_11p13_deletion_r1,10,2,"['Chr12', 'Chr13']",4,4,355375041,"[88542784, 1348, 250490125, 16340784]","['Chr2', 'Chr4', 'Chr9', 'Chr9', 'Chr10', 'Chr11', 'Chr12', 'Chr13', 'Chr20']","{'right duplication inversion': 1, 'nonreciprocal translocation': 1}",2,True,0,5226,9,"[('Chr13', 72789006, 'Chr13', 81011556)]",1,1,2,16280627,7.211671126437496,1,1,0,0,1,1,[8050936],4,"[('Chr13', 72790678, 'Chr13', 81011879)]",1
23Y_WAGR_11p13_deletion_r1,11,1,['Chr14'],2,2,20870,"[10435, 10435]","['Chr2', 'Chr4', 'Chr9', 'Chr9', 'Chr10', 'Chr11', 'Chr12', 'Chr13', 'Chr20']",{},0,False,0,0,0,[],0,0,0,20870,4.319522449065454,0,0,0,0,0,0,[],0,[],0
23Y_WAGR_11p13_deletion_r1,12,1,['Chr15'],2,2,9358,"[4679, 4679]","['Chr2', 'Chr4', 'Chr9', 'Chr9', 'Chr10', 'Chr11', 'Chr12', 'Chr13', 'Chr20']",{},0,False,0,0,0,[],0,0,0,9358,3.9711830408561615,0,0,0,0,0,0,[],0,[],0
23Y_WAGR_11p13_deletion_r1,13,1,['Chr16'],2,2,7186,"[3593, 3593]","['Chr2', 'Chr4', 'Chr9', 'Chr9', 'Chr10', 'Chr11', 'Chr12', 'Chr13', 'Chr20']",{},0,False,0,0,0,[],0,0,0,7186,3.8564872128686307,0,0,0,0,0,0,[],0,[],0
23Y_WAGR_11p13_deletion_r1,14,1,['Chr17'],2,2,2096,"[1048, 1048]","['Chr2', 'Chr4', 'Chr9', 'Chr9', 'Chr10', 'Chr11', 'Chr12', 'Chr13', 'Chr20']",{},0,False,0,0,0,[],0,0,0,2096,3.321391278311689,0,0,0,0,0,0,[],0,[],0
23Y_WAGR_11p13_deletion_r1,15,1,['Chr18'],2,2,13820,"[6910, 6910]","['Chr2', 'Chr4', 'Chr9', 'Chr9', 'Chr10', 'Chr11', 'Chr12', 'Chr13', 'Chr20']",{},0,False,0,0,0,[],0,0,0,13820,4.14050804303818,0,0,0,0,0,0,[],0,[],0
23Y_WAGR_11p13_deletion_r1,16,1,['Chr19'],2,2,3800,"[1900, 1900]","['Chr2', 'Chr4', 'Chr9', 'Chr9', 'Chr10', 'Chr11', 'Chr12', 'Chr13', 'Chr20']",{},0,False,0,0,0,[],0,0,0,3800,3.57978359661681,0,0,0,0,0,0,[],0,[],0
23Y_WAGR_11p13_deletion_r1,17,2,"['Chr11', 'Chr20']",4,4,25995121,"[25967428, 27693]","['Chr2', 'Chr4', 'Chr9', 'Chr9', 'Chr10', 'Chr11', 'Chr12', 'Chr13', 'Chr20']","{'deletion': 1, 'balanced reciprocal translocation': 2}",3,True,0,130718,10,[],0,0,0,122960,5.0897638544916886,0,0,0,0,0,0,[],5,[],0
23Y_WAGR_11p13_deletion_r1,18,1,['Chr21'],2,2,25841801,"[12290, 25829511]","['Chr2', 'Chr4', 'Chr9', 'Chr9', 'Chr10', 'Chr11', 'Chr12', 'Chr13', 'Chr20']",{},0,False,0,0,0,[],0,0,0,5504,3.740678425227455,0,0,0,0,0,0,[],0,[],0
23Y_WAGR_11p13_deletion_r1,19,1,['Chr22'],2,2,5504,"[2752, 2752]","['Chr2', 'Chr4', 'Chr9', 'Chr9', 'Chr10', 'Chr11', 'Chr12', 'Chr13', 'Chr20']",{},0,False,0,0,0,[],0,0,0,5760,3.760422483423212,0,0,0,0,0,0,[],0,[],0
23Y_WAGR_11p13_deletion_r1,2,1,['Chr3'],2,2,9924,"[4962, 4962]","['Chr2', 'Chr4', 'Chr9', 'Chr9', 'Chr10', 'Chr11', 'Chr12', 'Chr13', 'Chr20']",{},0,False,0,0,0,[],0,0,0,9924,3.9966867556001713,0,0,0,0,0,0,[],0,[],0
23Y_WAGR_11p13_deletion_r1,20,1,['ChrX'],1,1,5760,"[2880, 2880]","['Chr2', 'Chr4', 'Chr9', 'Chr9', 'Chr10', 'Chr11', 'Chr12', 'Chr13', 'Chr20']",{},0,False,0,0,0,[],0,0,0,5282,3.722798396870905,0,0,0,0,0,0,[],0,[],0
23Y_WAGR_11p13_deletion_r1,21,1,['ChrY'],1,1,5282,[5282],"['Chr2', 'Chr4', 'Chr9', 'Chr9', 'Chr10', 'Chr11', 'Chr12', 'Chr13', 'Chr20']",{},0,False,0,0,0,[],0,0,0,5282,3.722798396870905,0,0,0,0,0,0,[],0,[],0
23Y_WAGR_11p13_deletion_r1,3,1,['Chr4'],2,2,2265934,"[2259369, 6565]","['Chr2', 'Chr4', 'Chr9', 'Chr9', 'Chr10', 'Chr11', 'Chr12', 'Chr13', 'Chr20']","{'balanced reciprocal translocation': 2, 'arm deletion': 1}",3,True,0,0,0,"[('Chr4', 51743951, 'Chr4', 190204555)]",1,0,1,2262756,6.354637725158087,0,0,0,0,0,0,[],1,[],0
23Y_WAGR_11p13_deletion_r1,4,1,['Chr5'],2,2,11088,"[5544, 5544]","['Chr2', 'Chr4', 'Chr9', 'Chr9', 'Chr10', 'Chr11', 'Chr12', 'Chr13', 'Chr20']",{},0,False,0,0,0,[],0,0,0,11088,4.044853217267732,0,0,0,0,0,0,[],0,[],0
23Y_WAGR_11p13_deletion_r1,5,1,['Chr6'],2,2,12162,"[6081, 6081]","['Chr2', 'Chr4', 'Chr9', 'Chr9', 'Chr10', 'Chr11', 'Chr12', 'Chr13', 'Chr20']",{},0,False,0,0,0,[],0,0,0,12162,4.085004999076652,0,0,0,0,0,0,[],0,[],0
23Y_WAGR_11p13_deletion_r1,6,1,['Chr7'],2,2,1976,"[988, 988]","['Chr2', 'Chr4', 'Chr9', 'Chr9', 'Chr10', 'Chr11', 'Chr12', 'Chr13', 'Chr20']",{},0,False,0,0,0,[],0,0,0,1976,3.295786940251609,0,0,0,0,0,0,[],0,[],0
23Y_WAGR_11p13_deletion_r1,7,1,['Chr8'],2,2,5020,"[2510, 2510]","['Chr2', 'Chr4', 'Chr9', 'Chr9', 'Chr10', 'Chr11', 'Chr12', 'Chr13', 'Chr20']",{},0,False,0,0,0,[],0,0,0,5020,3.7007037171450192,0,0,0,0,0,0,[],0,[],0
23Y_WAGR_11p13_deletion_r1,8,1,['Chr9'],3,2,164779193,"[97931, 95098549, 69582713]","['Chr2', 'Chr4', 'Chr9', 'Chr9', 'Chr10', 'Chr11', 'Chr12', 'Chr13', 'Chr20']",{'arm tandem duplication': 1},1,True,-1,135517,5,"[('Chr9', 9999, 'Chr9', 43236168)]",1,2,3,27812371,7.444238013974694,2,0,0,0,2,0,"[644542, 66786791]",1,[],0
23Y_WAGR_11p13_deletion_r1,9,1,['Chr10'],2,2,82516783,"[81379823, 1136960]","['Chr2', 'Chr4', 'Chr9', 'Chr9', 'Chr10', 'Chr11', 'Chr12', 'Chr13', 'Chr20']",{'arm deletion': 1},1,True,0,0,0,"[('Chr10', 41593521, 'Chr10', 133787422)]",1,1,2,1106957,6.044130750937054,1,1,0,0,1,1,[92844162],1,[],0
23Y_WAGR_11p13_deletion_r2,0,1,['Chr1'],2,2,6176,"[3088, 3088]","['Chr2', 'Chr3', 'Chr4', 'Chr10', 'Chr11', 'Chr15', 'Chr18', 'Chr21']",{},0,False,0,0,0,[],0,0,0,6176,3.7907072873276797,0,0,0,0,0,0,[],0,[],0
23Y_WAGR_11p13_deletion_r2,1,1,['Chr2'],2,2,158915,"[90235, 68680]","['Chr2', 'Chr3', 'Chr4', 'Chr10', 'Chr11', 'Chr15', 'Chr18', 'Chr21']",{'deletion': 1},1,True,0,93417,4,[],0,0,0,109611,5.039854139910971,0,0,0,0,0,0,[],1,[],0
23Y_WAGR_11p13_deletion_r2,10,1,['Chr12'],2,2,2696,"[1348, 1348]","['Chr2', 'Chr3', 'Chr4', 'Chr10', 'Chr11', 'Chr15', 'Chr18', 'Chr21']",{},0,False,0,0,0,[],0,0,0,2696,3.4307198878632823,0,0,0,0,0,0,[],0,[],0
23Y_WAGR_11p13_deletion_r2,11,1,['Chr13'],2,2,4450,"[2225, 2225]","['Chr2', 'Chr3', 'Chr4', 'Chr10', 'Chr11', 'Chr15', 'Chr18', 'Chr21']",{},0,False,0,0,0,[],0,0,0,4450,3.6483600109809315,0,0,0,0,0,0,[],0,[],0
23Y_WAGR_11p13_deletion_r2,12,1,['Chr14'],2,2,20870,"[10435, 10435]","['Chr2', 'Chr3', 'Chr4', 'Chr10', 'Chr11', 'Chr15', 'Chr18', 'Chr21']",{},0,False,0,0,0,[],0,0,0,20870,4.319522449065454,0,0,0,0,0,0,[],0,[],0
23Y_WAGR_11p13_deletion_r2,13,1,['Chr15'],2,2,25494,"[20815, 4679]","['Chr2', 'Chr3', 'Chr4', 'Chr10', 'Chr11', 'Chr15', 'Chr18', 'Chr21']",{'inversion': 1},1,True,0,16136,4,[],0,0,0,25490,4.406369835469268,0,0,0,0,0,0,[],2,[],0
23Y_WAGR_11p13_deletion_r2,14,1,['Chr16'],2,2,7186,"[3593, 3593]","['Chr2', 'Chr3', 'Chr4', 'Chr10', 'Chr11', 'Chr15', 'Chr18', 'Chr21']",{},0,False,0,0,0,[],0,0,0,7186,3.8564872128686307,0,0,0,0,0,0,[],0,[],0
23Y_WAGR_11p13_deletion_r2,15,1,['Chr17'],2,2,2096,"[1048, 1048]","['Chr2', 'Chr3', 'Chr4', 'Chr10', 'Chr11', 'Chr15', 'Chr18', 'Chr21']",{},0,False,0,0,0,[],0,0,0,2096,3.321391278311689,0,0,0,0,0,0,[],0,[],0
23Y_WAGR_11p13_deletion_r2,16,1,['Chr18'],2,2,41746,"[34836, 6910]","['Chr2', 'Chr3', 'Chr4', 'Chr10', 'Chr11', 'Chr15', 'Chr18', 'Chr21']",{'inversion': 2},2,True,0,27926,8,[],0,0,0,41738,4.620531634720475,0,0,0,0,0,0,[],4,[],0
23Y_WAGR_11p13_deletion_r2,17,1,['Chr19'],2,2,3800,"[1900, 1900]","['Chr2', 'Chr3', 'Chr4', 'Chr10', 'Chr11', 'Chr15', 'Chr18', 'Chr21']",{},0,False,0,0,0,[],0,0,0,3800,3.57978359661681,0,0,0,0,0,0,[],0,[],0
23Y_WAGR_11p13_deletion_r2,18,1,['Chr20'],2,2,896,"[448, 448]","['Chr2', 'Chr3', 'Chr4', 'Chr10', 'Chr11', 'Chr15', 'Chr18', 'Chr21']",{},0,False,0,0,0,[],0,0,0,896,2.9523080096621253,0,0,0,0,0,0,[],0,[],0
23Y_WAGR_11p13_deletion_r2,19,1,['Chr21'],3,3,67862032,"[36975, 293684, 67531373]","['Chr2', 'Chr3', 'Chr4', 'Chr10', 'Chr11', 'Chr15', 'Chr18', 'Chr21']",{'chromosomal duplication': 1},1,True,0,70068,6,[],0,0,0,345902,5.5389530731055805,0,0,0,0,0,0,[],0,[],0
23Y_WAGR_11p13_deletion_r2,2,1,['Chr3'],2,2,289807,"[242818, 46989]","['Chr2', 'Chr3', 'Chr4', 'Chr10', 'Chr11', 'Chr15', 'Chr18', 'Chr21']",{'left duplication inversion': 1},1,True,0,219098,5,[],0,0,0,223175,5.348645543445898,1,0,0,0,0,0,[166448],1,[],0
23Y_WAGR_11p13_deletion_r2,20,1,['Chr22'],2,2,5760,"[2880, 2880]","['Chr2', 'Chr3', 'Chr4', 'Chr10', 'Chr11', 'Chr15', 'Chr18', 'Chr21']",{},0,False,0,0,0,[],0,0,0,5760,3.760422483423212,0,0,0,0,0,0,[],0,[],0
23Y_WAGR_11p13_deletion_r2,21,1,['ChrX'],1,1,5282,[5282],"['Chr2', 'Chr3', 'Chr4', 'Chr10', 'Chr11', 'Chr15', 'Chr18', 'Chr21']",{},0,False,0,0,0,[],0,0,0,5282,3.722798396870905,0,0,0,0,0,0,[],0,[],0
23Y_WAGR_11p13_deletion_r2,22,1,['ChrY'],1,1,5282,[5282],"['Chr2', 'Chr3', 'Chr4', 'Chr10', 'Chr11', 'Chr15', 'Chr18', 'Chr21']",{},0,False,0,0,0,[],0,0,0,5282,3.722798396870905,0,0,0,0,0,0,[],0,[],0
23Y_WAGR_11p13_deletion_r2,3,1,['Chr5'],2,2,11088,"[5544, 5544]","['Chr2', 'Chr3', 'Chr4', 'Chr10', 'Chr11', 'Chr15', 'Chr18', 'Chr21']",{},0,False,0,0,0,[],0,0,0,11088,4.044853217267732,0,0,0,0,0,0,[],0,[],0
23Y_WAGR_11p13_deletion_r2,4,1,['Chr6'],2,2,12162,"[6081, 6081]","['Chr2', 'Chr3', 'Chr4', 'Chr10', 'Chr11', 'Chr15', 'Chr18', 'Chr21']",{},0,False,0,0,0,[],0,0,0,12162,4.085004999076652,0,0,0,0,0,0,[],0,[],0
23Y_WAGR_11p13_deletion_r2,5,1,['Chr7'],2,2,1976,"[988, 988]","['Chr2', 'Chr3', 'Chr4', 'Chr10', 'Chr11', 'Chr15', 'Chr18', 'Chr21']",{},0,False,0,0,0,[],0,0,0,1976,3.295786940251609,0,0,0,0,0,0,[],0,[],0
23Y_WAGR_11p13_deletion_r2,6,1,['Chr8'],2,2,5020,"[2510, 2510]","['Chr2', 'Chr3', 'Chr4', 'Chr10', 'Chr11', 'Chr15', 'Chr18', 'Chr21']",{},0,False,0,0,0,[],0,0,0,5020,3.7007037171450192,0,0,0,0,0,0,[],0,[],0
23Y_WAGR_11p13_deletion_r2,7,1,['Chr9'],2,2,504,"[252, 252]","['Chr2', 'Chr3', 'Chr4', 'Chr10', 'Chr11', 'Chr15', 'Chr18', 'Chr21']",{},0,False,0,0,0,[],0,0,0,504,2.7024305364455254,0,0,0,0,0,0,[],0,[],0
23Y_WAGR_11p13_deletion_r2,8,1,['Chr10'],2,2,104410,"[102255, 2155]","['Chr2', 'Chr3', 'Chr4', 'Chr10', 'Chr11', 'Chr15', 'Chr18', 'Chr21']","{'inversion': 1, 'balanced reciprocal translocation': 4}",5,True,0,100100,20,[],0,0,0,21584,4.334131932327829,0,0,0,0,0,0,[],10,[],0
23Y_WAGR_11p13_deletion_r2,9,2,"['Chr4', 'Chr11']",4,4,174998,"[18689, 1990, 137902, 16417]","['Chr2', 'Chr3', 'Chr4', 'Chr10', 'Chr11', 'Chr15', 'Chr18', 'Chr21']","{'deletion': 1, 'nonreciprocal translocation': 1}",2,True,0,141666,9,[],0,0,0,122972,5.089806236400403,0,0,0,0,0,0,[],4,[],0
